{"producer":{"name":"Blender","version":"2.83.10","exporter_version":"2.80.0","file":"agent7.babylon"},
"autoClear":true,"clearColor":[0.0509,0.0509,0.0509],"gravity":[0,-9.81,0],
"materials":[{"name":"Bottommat.1","id":"Bottommat.1","customType":"BABYLON.PBRMaterial","backFaceCulling":true,"checkReadyOnlyOnce":false,"maxSimultaneousLights":4,"environmentIntensity":1,"albedo":[0.6833,0,1],"reflectivity":[0.5,0.5,0.5],"roughness":0.5528,"alpha":1,"transparencyMode":0,"alphaCutOff":0.4,"metallic":0},
{"name":"Topmat.1","id":"Topmat.1","customType":"BABYLON.PBRMaterial","backFaceCulling":true,"checkReadyOnlyOnce":false,"maxSimultaneousLights":4,"environmentIntensity":1,"albedo":[1,1,1],"reflectivity":[0.5,0.5,0.5],"roughness":0.5528,"alpha":1,"transparencyMode":0,"alphaCutOff":0.4,"metallic":0},
{"name":"Bodymat.1","id":"Bodymat.1","customType":"BABYLON.PBRMaterial","backFaceCulling":true,"checkReadyOnlyOnce":false,"maxSimultaneousLights":4,"environmentIntensity":1,"albedo":[1,0,0],"reflectivity":[0.5,0.5,0.5],"roughness":0.5528,"alpha":1,"transparencyMode":0,"alphaCutOff":0.4,"metallic":0},
{"name":"Shoesmat","id":"Shoesmat","customType":"BABYLON.PBRMaterial","backFaceCulling":true,"checkReadyOnlyOnce":false,"maxSimultaneousLights":4,"environmentIntensity":1,"albedo":[0,1,0.05],"reflectivity":[0.5,0.5,0.5],"roughness":0.5528,"alpha":1,"transparencyMode":0,"alphaCutOff":0.4,"metallic":0}],
"multiMaterials":[{"name":"agent7.Multimaterial#0","id":"agent7.Multimaterial#0","materials":["Bottommat.1","Topmat.1","Bodymat.1","Shoesmat"]}],
"skeletons":[{"name":"agent7","id":0,"dimensionsAtRest":[182.7319,35.3264,197.7945],"bones":[
{"name":"mixamorig_Hips","index":0,"matrix":[0.9948,0.1,0.0169,0,-0.0139,-0.0306,0.9994,0,-0.1004,0.9945,0.029,0,-3.8724,1.913,103.6736,1],"rest":[1,0,0,0,0,0,1,0,0,1,0,0,-0.0618,1.3903,106.5564,1],"parentBoneIndex":-1,"length":10.8347
,"animation":{"dataType":3,"framePerSecond":30,"keys":[
{"frame":1,"values":[0.9998,0.0023,-0.021,0,0.0211,-0.0266,0.9994,0,-0.0017,0.9996,0.0266,0,0.0399,1.6701,104.2085,1]},
{"frame":2,"values":[0.9997,0.0026,-0.023,0,0.023,-0.027,0.9994,0,-0.002,0.9996,0.027,0,0.2318,1.6313,104.1635,1]},
{"frame":3,"values":[0.9997,0.0027,-0.0248,0,0.0248,-0.0274,0.9993,0,-0.0021,0.9996,0.0275,0,0.4176,1.6174,104.1289,1]},
{"frame":4,"values":[0.9997,0.0024,-0.026,0,0.0261,-0.0282,0.9993,0,-0.0016,0.9996,0.0283,0,0.5827,1.672,104.124,1]},
{"frame":5,"values":[0.9996,0.0019,-0.027,0,0.0271,-0.0292,0.9992,0,-0.0011,0.9996,0.0292,0,0.7342,1.727,104.1096,1]},
{"frame":6,"values":[0.9996,0.0012,-0.0281,0,0.0281,-0.0302,0.9991,0,-0.0004,0.9995,0.0303,0,0.8741,1.7801,104.0727,1]},
{"frame":7,"values":[0.9996,0.0005,-0.0293,0,0.0293,-0.0313,0.9991,0,0.0004,0.9995,0.0313,0,1.003,1.829,104.0085,1]},
{"frame":8,"values":[0.9995,-0.0003,-0.0307,0,0.0307,-0.0322,0.999,0,0.0013,0.9995,0.0322,0,1.1204,1.8734,103.9206,1]},
{"frame":9,"values":[0.9995,-0.001,-0.0322,0,0.0322,-0.0331,0.9989,0,0.0021,0.9995,0.033,0,1.2249,1.9138,103.817,1]},
{"frame":10,"values":[0.9994,-0.0016,-0.0336,0,0.0335,-0.0339,0.9989,0,0.0027,0.9994,0.0338,0,1.3145,1.9512,103.7048,1]},
{"frame":11,"values":[0.9994,-0.0021,-0.0347,0,0.0346,-0.0346,0.9988,0,0.0033,0.9994,0.0345,0,1.3878,1.9862,103.5892,1]},
{"frame":12,"values":[0.9994,-0.0026,-0.0354,0,0.0353,-0.0352,0.9988,0,0.0038,0.9994,0.0351,0,1.4433,2.0188,103.4727,1]},
{"frame":13,"values":[0.9994,-0.0029,-0.0359,0,0.0358,-0.0357,0.9987,0,0.0042,0.9994,0.0356,0,1.4811,2.0485,103.3562,1]},
{"frame":14,"values":[0.9993,-0.0031,-0.0362,0,0.0361,-0.0361,0.9987,0,0.0044,0.9993,0.0359,0,1.503,2.0746,103.2396,1]},
{"frame":15,"values":[0.9993,-0.003,-0.0365,0,0.0364,-0.0363,0.9987,0,0.0044,0.9993,0.0362,0,1.5128,2.0961,103.1232,1]},
{"frame":16,"values":[0.9993,-0.0027,-0.0368,0,0.0366,-0.0365,0.9987,0,0.0041,0.9993,0.0363,0,1.5141,2.1118,103.0086,1]},
{"frame":17,"values":[0.9993,-0.0022,-0.037,0,0.0369,-0.0366,0.9986,0,0.0035,0.9993,0.0364,0,1.5089,2.1209,102.8998,1]},
{"frame":18,"values":[0.9993,-0.0014,-0.0373,0,0.0373,-0.0366,0.9986,0,0.0028,0.9993,0.0366,0,1.4976,2.1231,102.8021,1]},
{"frame":19,"values":[0.9993,-0.0006,-0.0377,0,0.0376,-0.0368,0.9986,0,0.002,0.9993,0.0368,0,1.4803,2.1195,102.7198,1]},
{"frame":20,"values":[0.9993,0.0001,-0.0381,0,0.0381,-0.0372,0.9986,0,0.0014,0.9993,0.0372,0,1.4571,2.1129,102.6543,1]},
{"frame":21,"values":[0.9993,0.0006,-0.0386,0,0.0386,-0.0378,0.9985,0,0.0008,0.9993,0.0378,0,1.4287,2.1069,102.6038,1]},
{"frame":22,"values":[0.9992,0.0011,-0.0392,0,0.0392,-0.0387,0.9985,0,0.0004,0.9993,0.0387,0,1.3952,2.1048,102.5636,1]},
{"frame":23,"values":[0.9992,0.0015,-0.0399,0,0.0399,-0.0397,0.9984,0,0.0001,0.9992,0.0398,0,1.3562,2.1085,102.5269,1]},
{"frame":24,"values":[0.9992,0.0018,-0.0405,0,0.0405,-0.0409,0.9983,0,-0.0001,0.9992,0.041,0,1.3108,2.1168,102.486,1]},
{"frame":25,"values":[0.9992,0.0021,-0.0409,0,0.041,-0.0421,0.9983,0,-0.0004,0.9991,0.0422,0,1.2584,2.1272,102.436,1]},
{"frame":26,"values":[0.9992,0.0025,-0.0411,0,0.0412,-0.0432,0.9982,0,-0.0007,0.9991,0.0433,0,1.1982,2.137,102.3791,1]},
{"frame":27,"values":[0.9992,0.0029,-0.041,0,0.0411,-0.0443,0.9982,0,-0.0011,0.999,0.0444,0,1.1304,2.1451,102.3233,1]},
{"frame":28,"values":[0.9992,0.0033,-0.0408,0,0.0409,-0.0453,0.9981,0,-0.0014,0.999,0.0454,0,1.0554,2.1521,102.2779,1]},
{"frame":29,"values":[0.9992,0.0037,-0.0404,0,0.0405,-0.0464,0.9981,0,-0.0018,0.9989,0.0465,0,0.9744,2.1593,102.2471,1]},
{"frame":30,"values":[0.9992,0.004,-0.04,0,0.0402,-0.0476,0.9981,0,-0.0021,0.9989,0.0477,0,0.8883,2.1671,102.2281,1]},
{"frame":31,"values":[0.9992,0.0043,-0.0398,0,0.0399,-0.0488,0.998,0,-0.0023,0.9988,0.0489,0,0.7978,2.1746,102.2123,1]},
{"frame":32,"values":[0.9992,0.0044,-0.0397,0,0.0398,-0.0499,0.998,0,-0.0024,0.9987,0.0501,0,0.7033,2.1801,102.191,1]},
{"frame":33,"values":[0.9992,0.0045,-0.0396,0,0.0398,-0.0509,0.9979,0,-0.0024,0.9987,0.0511,0,0.6043,2.182,102.1602,1]},
{"frame":34,"values":[0.9992,0.0045,-0.0396,0,0.0398,-0.0518,0.9979,0,-0.0024,0.9986,0.0519,0,0.5004,2.1792,102.123,1]},
{"frame":35,"values":[0.9992,0.0046,-0.0395,0,0.0397,-0.0527,0.9978,0,-0.0025,0.9986,0.0528,0,0.3907,2.1714,102.0863,1]},
{"frame":36,"values":[0.9992,0.0047,-0.0392,0,0.0394,-0.0536,0.9978,0,-0.0026,0.9986,0.0537,0,0.2748,2.1586,102.0554,1]},
{"frame":37,"values":[0.9992,0.0048,-0.0387,0,0.0389,-0.0544,0.9978,0,-0.0026,0.9985,0.0546,0,0.1531,2.1415,102.0314,1]},
{"frame":38,"values":[0.9993,0.0048,-0.0381,0,0.0383,-0.0552,0.9977,0,-0.0027,0.9985,0.0554,0,0.0262,2.121,102.0124,1]},
{"frame":39,"values":[0.9993,0.0048,-0.0375,0,0.0377,-0.0558,0.9977,0,-0.0027,0.9984,0.056,0,-0.1054,2.0984,101.9969,1]},
{"frame":40,"values":[0.9993,0.0048,-0.0368,0,0.037,-0.0561,0.9977,0,-0.0027,0.9984,0.0562,0,-0.2415,2.0746,101.9851,1]},
{"frame":41,"values":[0.9993,0.0047,-0.0361,0,0.0364,-0.056,0.9978,0,-0.0027,0.9984,0.0561,0,-0.3821,2.0499,101.979,1]},
{"frame":42,"values":[0.9994,0.0047,-0.0354,0,0.0356,-0.0555,0.9978,0,-0.0027,0.9984,0.0556,0,-0.527,2.0236,101.9807,1]},
{"frame":43,"values":[0.9994,0.0046,-0.0348,0,0.035,-0.0548,0.9979,0,-0.0027,0.9985,0.055,0,-0.6757,1.9942,101.9894,1]},
{"frame":44,"values":[0.9994,0.0045,-0.0342,0,0.0344,-0.0541,0.9979,0,-0.0027,0.9985,0.0542,0,-0.8277,1.9602,102.0026,1]},
{"frame":45,"values":[0.9994,0.0044,-0.0336,0,0.0338,-0.0533,0.998,0,-0.0026,0.9986,0.0534,0,-0.9831,1.9204,102.0171,1]},
{"frame":46,"values":[0.9994,0.0043,-0.033,0,0.0332,-0.0524,0.9981,0,-0.0025,0.9986,0.0525,0,-1.143,1.8742,102.0325,1]},
{"frame":47,"values":[0.9995,0.0042,-0.032,0,0.0322,-0.0515,0.9982,0,-0.0025,0.9987,0.0516,0,-1.3089,1.8217,102.0526,1]},
{"frame":48,"values":[0.9995,0.0041,-0.0307,0,0.0309,-0.0505,0.9982,0,-0.0025,0.9987,0.0506,0,-1.4815,1.7648,102.0843,1]},
{"frame":49,"values":[0.9996,0.0039,-0.0291,0,0.0292,-0.0495,0.9983,0,-0.0025,0.9988,0.0496,0,-1.6599,1.7061,102.1331,1]},
{"frame":50,"values":[0.9996,0.0035,-0.0273,0,0.0275,-0.0485,0.9984,0,-0.0022,0.9988,0.0486,0,-1.8421,1.649,102.1984,1]},
{"frame":51,"values":[0.9997,0.0027,-0.0257,0,0.0258,-0.0477,0.9985,0,-0.0015,0.9989,0.0477,0,-2.0259,1.5958,102.2728,1]},
{"frame":52,"values":[0.9997,0.0015,-0.0244,0,0.0245,-0.0471,0.9986,0,-0.0003,0.9989,0.0471,0,-2.2103,1.5469,102.3449,1]},
{"frame":53,"values":[0.9997,0,-0.0233,0,0.0233,-0.0466,0.9986,0,0.0011,0.9989,0.0465,0,-2.3958,1.5013,102.4079,1]},
{"frame":54,"values":[0.9997,-0.0015,-0.0223,0,0.0222,-0.046,0.9987,0,0.0025,0.9989,0.046,0,-2.5838,1.4578,102.4627,1]},
{"frame":55,"values":[0.9998,-0.0028,-0.0212,0,0.0211,-0.0453,0.9988,0,0.0038,0.999,0.0452,0,-2.7753,1.4155,102.5166,1]},
{"frame":56,"values":[0.9998,-0.0039,-0.02,0,0.0198,-0.0443,0.9988,0,0.0048,0.999,0.0442,0,-2.9707,1.374,102.5761,1]},
{"frame":57,"values":[0.9998,-0.0048,-0.0187,0,0.0185,-0.0431,0.9989,0,0.0056,0.9991,0.043,0,-3.1702,1.3339,102.6432,1]},
{"frame":58,"values":[0.9998,-0.0054,-0.0174,0,0.0172,-0.0418,0.999,0,0.0061,0.9991,0.0417,0,-3.3743,1.2959,102.714,1]},
{"frame":59,"values":[0.9999,-0.0059,-0.0163,0,0.016,-0.0406,0.999,0,0.0065,0.9992,0.0405,0,-3.5828,1.2606,102.7816,1]},
{"frame":60,"values":[0.9999,-0.0061,-0.0153,0,0.0151,-0.0397,0.9991,0,0.0067,0.9992,0.0396,0,-3.7948,1.2283,102.84,1]},
{"frame":61,"values":[0.9999,-0.006,-0.0145,0,0.0142,-0.0391,0.9991,0,0.0066,0.9992,0.039,0,-4.0099,1.1988,102.887,1]},
{"frame":62,"values":[0.9999,-0.0058,-0.0136,0,0.0134,-0.0387,0.9992,0,0.0063,0.9992,0.0386,0,-4.2287,1.1718,102.9268,1]},
{"frame":63,"values":[0.9999,-0.0056,-0.0126,0,0.0124,-0.0385,0.9992,0,0.0061,0.9992,0.0384,0,-4.4519,1.1477,102.9679,1]},
{"frame":64,"values":[0.9999,-0.0054,-0.0114,0,0.0111,-0.0384,0.9992,0,0.0058,0.9992,0.0383,0,-4.68,1.128,103.018,1]},
{"frame":65,"values":[0.9999,-0.0052,-0.0099,0,0.0097,-0.0383,0.9992,0,0.0056,0.9993,0.0382,0,-4.9125,1.1151,103.0803,1]},
{"frame":66,"values":[1,-0.005,-0.0082,0,0.008,-0.0383,0.9992,0,0.0053,0.9993,0.0382,0,-5.149,1.1113,103.1534,1]},
{"frame":67,"values":[1,-0.0048,-0.0063,0,0.0061,-0.0383,0.9992,0,0.005,0.9993,0.0383,0,-5.3892,1.1178,103.2331,1]},
{"frame":68,"values":[1,-0.0047,-0.0041,0,0.0039,-0.0383,0.9993,0,0.0049,0.9993,0.0383,0,-5.6328,1.1338,103.3165,1]},
{"frame":69,"values":[1,-0.005,-0.0018,0,0.0016,-0.0384,0.9993,0,0.0051,0.9993,0.0384,0,-5.8793,1.1567,103.4034,1]},
{"frame":70,"values":[1,-0.0057,0.0008,0,-0.001,-0.0385,0.9993,0,0.0056,0.9992,0.0385,0,-6.128,1.1831,103.4955,1]},
{"frame":71,"values":[1,-0.0066,0.0034,0,-0.0036,-0.0385,0.9993,0,0.0065,0.9992,0.0386,0,-6.3782,1.2108,103.5946,1]},
{"frame":72,"values":[1,-0.0078,0.0061,0,-0.0064,-0.0386,0.9992,0,0.0075,0.9992,0.0386,0,-6.6295,1.2396,103.7019,1]},
{"frame":73,"values":[0.9999,-0.0089,0.0087,0,-0.0091,-0.0386,0.9992,0,0.0085,0.9992,0.0387,0,-6.8812,1.2712,103.8172,1]},
{"frame":74,"values":[0.9999,-0.0098,0.0114,0,-0.0118,-0.0386,0.9992,0,0.0094,0.9992,0.0387,0,-7.1334,1.3084,103.9391,1]},
{"frame":75,"values":[0.9998,-0.0106,0.0141,0,-0.0145,-0.0386,0.9991,0,0.0101,0.9992,0.0388,0,-7.3859,1.3543,104.0613,1]},
{"frame":76,"values":[0.9998,-0.0113,0.0168,0,-0.0172,-0.0386,0.9991,0,0.0107,0.9992,0.0388,0,-7.6385,1.4101,104.1736,1]},
{"frame":77,"values":[0.9997,-0.0119,0.0195,0,-0.0199,-0.0387,0.9991,0,0.0111,0.9992,0.0389,0,-7.8902,1.4743,104.2649,1]},
{"frame":78,"values":[0.9997,-0.0123,0.022,0,-0.0225,-0.0387,0.999,0,0.0115,0.9992,0.0389,0,-8.1401,1.5429,104.3294,1]},
{"frame":79,"values":[0.9996,-0.0126,0.0245,0,-0.025,-0.0386,0.9989,0,0.0117,0.9992,0.0389,0,-8.3881,1.6109,104.3687,1]},
{"frame":80,"values":[0.9996,-0.0129,0.027,0,-0.0275,-0.0383,0.9989,0,0.0118,0.9992,0.0386,0,-8.6346,1.674,104.3899,1]},
{"frame":81,"values":[0.9995,-0.0132,0.0296,0,-0.0301,-0.0378,0.9988,0,0.012,0.9992,0.0382,0,-8.88,1.7294,104.4015,1]},
{"frame":82,"values":[0.9994,-0.0137,0.0324,0,-0.0329,-0.0373,0.9988,0,0.0125,0.9992,0.0377,0,-9.1245,1.7763,104.408,1]},
{"frame":83,"values":[0.9993,-0.0148,0.0353,0,-0.0358,-0.0367,0.9987,0,0.0135,0.9992,0.0372,0,-9.3671,1.8161,104.4087,1]},
{"frame":84,"values":[0.9991,-0.0164,0.0382,0,-0.0388,-0.0362,0.9986,0,0.015,0.9992,0.0368,0,-9.6063,1.8512,104.3991,1]},
{"frame":85,"values":[0.999,-0.0184,0.041,0,-0.0416,-0.0359,0.9985,0,0.0169,0.9992,0.0367,0,-9.8408,1.8841,104.3751,1]},
{"frame":86,"values":[0.9988,-0.0206,0.0434,0,-0.0441,-0.0358,0.9984,0,0.019,0.9991,0.0367,0,-10.0694,1.9159,104.3368,1]},
{"frame":87,"values":[0.9987,-0.0229,0.0455,0,-0.0463,-0.0358,0.9983,0,0.0212,0.9991,0.0369,0,-10.2911,1.9465,104.2901,1]},
{"frame":88,"values":[0.9986,-0.0253,0.0469,0,-0.0478,-0.0361,0.9982,0,0.0235,0.999,0.0372,0,-10.5039,1.9747,104.2397,1]},
{"frame":89,"values":[0.9985,-0.0277,0.0478,0,-0.0488,-0.0364,0.9981,0,0.0259,0.999,0.0376,0,-10.7073,1.9984,104.1897,1]},
{"frame":90,"values":[0.9984,-0.0301,0.048,0,-0.0491,-0.0366,0.9981,0,0.0282,0.9989,0.038,0,-10.9017,2.0156,104.1388,1]},
{"frame":91,"values":[0.9983,-0.0323,0.0477,0,-0.0489,-0.0367,0.9981,0,0.0305,0.9988,0.0382,0,-11.0873,2.0245,104.08,1]},
{"frame":92,"values":[0.9983,-0.0343,0.0469,0,-0.0482,-0.0367,0.9982,0,0.0326,0.9987,0.0383,0,-11.2647,2.0243,104.0058,1]},
{"frame":93,"values":[0.9983,-0.0359,0.0459,0,-0.0472,-0.0365,0.9982,0,0.0342,0.9987,0.0381,0,-11.4352,2.015,103.9113,1]},
{"frame":94,"values":[0.9983,-0.037,0.0447,0,-0.0461,-0.0362,0.9983,0,0.0353,0.9987,0.0378,0,-11.5997,1.9973,103.796,1]},
{"frame":95,"values":[0.9984,-0.0375,0.0435,0,-0.0448,-0.0359,0.9983,0,0.0359,0.9987,0.0376,0,-11.7589,1.9724,103.665,1]},
{"frame":96,"values":[0.9984,-0.0376,0.0422,0,-0.0436,-0.0358,0.9984,0,0.036,0.9987,0.0374,0,-11.913,1.9425,103.5266,1]},
{"frame":97,"values":[0.9985,-0.0375,0.0409,0,-0.0422,-0.0359,0.9985,0,0.0359,0.9987,0.0374,0,-12.0613,1.9109,103.3881,1]},
{"frame":98,"values":[0.9985,-0.0373,0.0395,0,-0.0408,-0.0362,0.9985,0,0.0358,0.9986,0.0377,0,-12.2021,1.8816,103.2519,1]},
{"frame":99,"values":[0.9986,-0.0373,0.038,0,-0.0393,-0.0367,0.9986,0,0.0358,0.9986,0.0381,0,-12.334,1.8569,103.1133,1]},
{"frame":100,"values":[0.9986,-0.0375,0.0364,0,-0.0378,-0.0373,0.9986,0,0.0361,0.9986,0.0387,0,-12.4592,1.8366,102.9656,1]},
{"frame":101,"values":[0.9987,-0.0379,0.0349,0,-0.0364,-0.0381,0.9986,0,0.0366,0.9986,0.0394,0,-12.5823,1.8182,102.8052,1]},
{"frame":102,"values":[0.9987,-0.0386,0.0336,0,-0.0351,-0.0388,0.9986,0,0.0372,0.9985,0.0401,0,-12.6994,1.7981,102.6389,1]},
{"frame":103,"values":[0.9987,-0.0394,0.0325,0,-0.034,-0.0396,0.9986,0,0.038,0.9984,0.0408,0,-12.7883,1.7746,102.4818,1]},
{"frame":104,"values":[0.9987,-0.0402,0.0315,0,-0.0331,-0.0403,0.9986,0,0.0389,0.9984,0.0416,0,-12.8252,1.748,102.352,1]},
{"frame":105,"values":[0.9987,-0.041,0.0306,0,-0.0323,-0.0411,0.9986,0,0.0397,0.9983,0.0423,0,-12.8115,1.7206,102.265,1]},
{"frame":106,"values":[0.9987,-0.0416,0.0298,0,-0.0316,-0.0418,0.9986,0,0.0403,0.9983,0.0431,0,-12.7666,1.6948,102.2301,1]},
{"frame":107,"values":[0.9987,-0.0419,0.0292,0,-0.0309,-0.0425,0.9986,0,0.0406,0.9982,0.0438,0,-12.7027,1.6722,102.2476,1]},
{"frame":108,"values":[0.9987,-0.0419,0.0285,0,-0.0303,-0.0432,0.9986,0,0.0406,0.9982,0.0444,0,-12.6197,1.6531,102.3081,1]},
{"frame":109,"values":[0.9987,-0.0417,0.0279,0,-0.0297,-0.0436,0.9986,0,0.0404,0.9982,0.0448,0,-12.5144,1.6367,102.3932,1]},
{"frame":110,"values":[0.9988,-0.0412,0.0271,0,-0.0289,-0.0438,0.9986,0,0.0399,0.9982,0.0449,0,-12.3868,1.6217,102.4793,1]},
{"frame":111,"values":[0.9988,-0.0406,0.0261,0,-0.0279,-0.0436,0.9987,0,0.0394,0.9982,0.0447,0,-12.2385,1.6063,102.5501,1]},
{"frame":112,"values":[0.9989,-0.04,0.025,0,-0.0267,-0.043,0.9987,0,0.0388,0.9983,0.044,0,-12.0714,1.5882,102.605,1]},
{"frame":113,"values":[0.9989,-0.0392,0.0239,0,-0.0255,-0.0418,0.9988,0,0.0382,0.9984,0.0428,0,-11.8881,1.5646,102.6583,1]},
{"frame":114,"values":[0.999,-0.0384,0.023,0,-0.0245,-0.04,0.9989,0,0.0374,0.9985,0.0409,0,-11.6914,1.5326,102.7294,1]},
{"frame":115,"values":[0.999,-0.0374,0.0225,0,-0.0239,-0.0375,0.999,0,0.0365,0.9986,0.0384,0,-11.4841,1.491,102.8304,1]},
{"frame":116,"values":[0.9991,-0.0363,0.0223,0,-0.0235,-0.0346,0.9991,0,0.0355,0.9987,0.0354,0,-11.2672,1.4411,102.9591,1]},
{"frame":117,"values":[0.9991,-0.0351,0.0223,0,-0.0234,-0.0315,0.9992,0,0.0344,0.9989,0.0323,0,-11.0408,1.3872,103.1019,1]},
{"frame":118,"values":[0.9992,-0.0338,0.0222,0,-0.0232,-0.0288,0.9993,0,0.0331,0.999,0.0295,0,-10.8047,1.3345,103.2425,1]},
{"frame":119,"values":[0.9992,-0.032,0.022,0,-0.0229,-0.0264,0.9994,0,0.0314,0.9991,0.0271,0,-10.5591,1.2867,103.3521,1]},
{"frame":120,"values":[0.9993,-0.0299,0.0217,0,-0.0224,-0.0245,0.9995,0,0.0293,0.9993,0.0251,0,-10.3051,1.2445,103.4428,1]},
{"frame":121,"values":[0.9994,-0.0274,0.0211,0,-0.0217,-0.0228,0.9995,0,0.0269,0.9994,0.0233,0,-10.0435,1.2064,103.518,1]},
{"frame":122,"values":[0.9995,-0.0248,0.0205,0,-0.021,-0.0212,0.9996,0,0.0243,0.9995,0.0217,0,-9.7765,1.171,103.5818,1]},
{"frame":123,"values":[0.9996,-0.0224,0.0198,0,-0.0202,-0.0197,0.9996,0,0.022,0.9996,0.0202,0,-9.5057,1.1375,103.6374,1]},
{"frame":124,"values":[0.9996,-0.0205,0.0191,0,-0.0195,-0.0183,0.9996,0,0.0202,0.9996,0.0187,0,-9.2321,1.1062,103.6879,1]},
{"frame":125,"values":[0.9996,-0.0193,0.0184,0,-0.0188,-0.017,0.9997,0,0.019,0.9997,0.0174,0,-8.9568,1.0774,103.7379,1]},
{"frame":126,"values":[0.9997,-0.0189,0.0177,0,-0.018,-0.0158,0.9997,0,0.0186,0.9997,0.0161,0,-8.6815,1.0508,103.7952,1]},
{"frame":127,"values":[0.9997,-0.019,0.017,0,-0.0173,-0.0144,0.9997,0,0.0187,0.9997,0.0147,0,-8.4079,1.025,103.8683,1]},
{"frame":128,"values":[0.9997,-0.0194,0.0163,0,-0.0165,-0.0127,0.9998,0,0.0192,0.9997,0.013,0,-8.1373,0.9988,103.962,1]},
{"frame":129,"values":[0.9997,-0.0199,0.0154,0,-0.0157,-0.0106,0.9998,0,0.0197,0.9997,0.0109,0,-7.8691,0.9737,104.0739,1]},
{"frame":130,"values":[0.9997,-0.0203,0.0144,0,-0.0146,-0.0084,0.9999,0,0.0202,0.9998,0.0087,0,-7.6015,0.9537,104.1937,1]},
{"frame":131,"values":[0.9997,-0.0207,0.0131,0,-0.0132,-0.0064,0.9999,0,0.0206,0.9998,0.0067,0,-7.3332,0.9442,104.3061,1]},
{"frame":132,"values":[0.9997,-0.0212,0.0117,0,-0.0118,-0.0047,0.9999,0,0.0212,0.9998,0.0049,0,-7.0639,0.9496,104.3955,1]},
{"frame":133,"values":[0.9997,-0.022,0.0103,0,-0.0104,-0.0034,0.9999,0,0.022,0.9998,0.0036,0,-6.7945,0.9713,104.4518,1]},
{"frame":134,"values":[0.9997,-0.023,0.0092,0,-0.0093,-0.0022,1,0,0.023,0.9997,0.0025,0,-6.5255,1.0076,104.4751,1]},
{"frame":135,"values":[0.9997,-0.0239,0.0083,0,-0.0083,-0.0011,1,0,0.0238,0.9997,0.0013,0,-6.2559,1.0549,104.4763,1]},
{"frame":136,"values":[0.9997,-0.0244,0.0072,0,-0.0072,0,1,0,0.0244,0.9997,0.0001,0,-5.9834,1.1094,104.4709,1]},
{"frame":137,"values":[0.9997,-0.0243,0.0057,0,-0.0057,0.0011,1,0,0.0243,0.9997,-0.0009,0,-5.7053,1.1688,104.4733,1]},
{"frame":138,"values":[0.9997,-0.0237,0.0038,0,-0.0038,0.0017,1,0,0.0237,0.9997,-0.0016,0,-5.4204,1.2308,104.4947,1]},
{"frame":139,"values":[0.9997,-0.0228,0.0016,0,-0.0016,0.0017,1,0,0.0228,0.9997,-0.0017,0,-5.1288,1.2931,104.5406,1]},
{"frame":140,"values":[0.9998,-0.0217,-0.0007,0,0.0007,0.0012,1,0,0.0217,0.9998,-0.0012,0,-4.8313,1.3525,104.6085,1]},
{"frame":141,"values":[0.9998,-0.0206,-0.0028,0,0.0028,0.0003,1,0,0.0206,0.9998,-0.0004,0,-4.5286,1.4058,104.6872,1]},
{"frame":142,"values":[0.9998,-0.0194,-0.0047,0,0.0046,-0.0007,1,0,0.0194,0.9998,0.0006,0,-4.2201,1.4507,104.7619,1]},
{"frame":143,"values":[0.9998,-0.0181,-0.0065,0,0.0065,-0.0018,1,0,0.0181,0.9998,0.0017,0,-3.904,1.486,104.8218,1]},
{"frame":144,"values":[0.9998,-0.0165,-0.0084,0,0.0084,-0.0027,1,0,0.0165,0.9999,0.0026,0,-3.5782,1.5109,104.866,1]},
{"frame":145,"values":[0.9998,-0.0146,-0.0105,0,0.0105,-0.0036,0.9999,0,0.0147,0.9999,0.0034,0,-3.2416,1.5248,104.9009,1]},
{"frame":146,"values":[0.9998,-0.0124,-0.0128,0,0.0128,-0.0042,0.9999,0,0.0125,0.9999,0.004,0,-2.8933,1.5275,104.9329,1]},
{"frame":147,"values":[0.9998,-0.0098,-0.0153,0,0.0152,-0.0047,0.9999,0,0.0099,0.9999,0.0045,0,-2.5332,1.5191,104.9627,1]},
{"frame":148,"values":[0.9998,-0.0067,-0.0178,0,0.0178,-0.0052,0.9998,0,0.0068,1,0.005,0,-2.1605,1.4994,104.9856,1]},
{"frame":149,"values":[0.9998,-0.0031,-0.0203,0,0.0203,-0.0058,0.9998,0,0.0032,1,0.0057,0,-1.775,1.4673,104.9956,1]},
{"frame":150,"values":[0.9997,0.0009,-0.0226,0,0.0226,-0.0067,0.9997,0,-0.0007,1,0.0067,0,-1.3777,1.4213,104.987,1]},
{"frame":151,"values":[0.9997,0.0051,-0.0246,0,0.0247,-0.0079,0.9997,0,-0.0049,1,0.008,0,-0.969,1.3621,104.959,1]},
{"frame":152,"values":[0.9996,0.0094,-0.0264,0,0.0265,-0.0094,0.9996,0,-0.0092,0.9999,0.0096,0,-0.55,1.2918,104.9138,1]},
{"frame":153,"values":[0.9995,0.0137,-0.0281,0,0.0283,-0.0111,0.9995,0,-0.0133,0.9998,0.0115,0,-0.1226,1.2138,104.8536,1]},
{"frame":154,"values":[0.9994,0.0177,-0.0298,0,0.03,-0.0128,0.9995,0,-0.0173,0.9998,0.0134,0,0.3111,1.1304,104.7803,1]},
{"frame":155,"values":[0.9993,0.0216,-0.0314,0,0.0318,-0.0146,0.9994,0,-0.0211,0.9997,0.0152,0,0.749,1.0416,104.6959,1]},
{"frame":156,"values":[0.9991,0.0253,-0.0331,0,0.0336,-0.016,0.9993,0,-0.0247,0.9996,0.0169,0,1.1884,0.946,104.603,1]},
{"frame":157,"values":[0.999,0.0289,-0.0349,0,0.0354,-0.0172,0.9992,0,-0.0283,0.9994,0.0183,0,1.6271,0.8422,104.5051,1]},
{"frame":158,"values":[0.9988,0.0326,-0.0368,0,0.0374,-0.0182,0.9991,0,-0.0319,0.9993,0.0194,0,2.0627,0.7312,104.4056,1]},
{"frame":159,"values":[0.9986,0.0363,-0.039,0,0.0397,-0.019,0.999,0,-0.0356,0.9992,0.0204,0,2.4932,0.6155,104.3052,1]},
{"frame":160,"values":[0.9983,0.0401,-0.0414,0,0.0422,-0.0198,0.9989,0,-0.0392,0.999,0.0214,0,2.9164,0.4983,104.201,1]},
{"frame":161,"values":[0.9981,0.0436,-0.044,0,0.0449,-0.0206,0.9988,0,-0.0427,0.9988,0.0226,0,3.3293,0.3819,104.0872,1]},
{"frame":162,"values":[0.9978,0.0469,-0.0467,0,0.0478,-0.0217,0.9986,0,-0.0458,0.9987,0.0239,0,3.7288,0.2677,103.9559,1]},
{"frame":163,"values":[0.9975,0.0501,-0.0495,0,0.0507,-0.0229,0.9984,0,-0.0489,0.9985,0.0254,0,4.1114,0.1571,103.8012,1]},
{"frame":164,"values":[0.9972,0.0534,-0.0523,0,0.0536,-0.0243,0.9983,0,-0.052,0.9983,0.0271,0,4.4735,0.0513,103.6238,1]},
{"frame":165,"values":[0.9969,0.057,-0.0548,0,0.0564,-0.0258,0.9981,0,-0.0555,0.998,0.029,0,4.8114,-0.0487,103.4346,1]},
{"frame":166,"values":[0.9965,0.061,-0.0571,0,0.0588,-0.0274,0.9979,0,-0.0593,0.9978,0.0309,0,5.1216,-0.1424,103.2478,1]},
{"frame":167,"values":[0.9961,0.0652,-0.0589,0,0.0609,-0.0289,0.9977,0,-0.0634,0.9975,0.0327,0,5.4009,-0.2285,103.0639,1]},
{"frame":168,"values":[0.9958,0.0692,-0.0603,0,0.0625,-0.0303,0.9976,0,-0.0672,0.9971,0.0345,0,5.6479,-0.3049,102.9212,1]},
{"frame":169,"values":[0.9955,0.0727,-0.0613,0,0.0638,-0.0316,0.9975,0,-0.0706,0.9969,0.0361,0,5.8603,-0.3684,102.8138,1]},
{"frame":170,"values":[0.9952,0.0753,-0.062,0,0.0646,-0.0328,0.9974,0,-0.0731,0.9966,0.0375,0,6.0358,-0.4163,102.7265,1]},
{"frame":171,"values":[0.9951,0.0771,-0.0622,0,0.065,-0.0336,0.9973,0,-0.0748,0.9965,0.0385,0,6.1718,-0.4473,102.6468,1]},
{"frame":172,"values":[0.995,0.078,-0.0621,0,0.0649,-0.0341,0.9973,0,-0.0757,0.9964,0.039,0,6.2648,-0.4627,102.5723,1]},
{"frame":173,"values":[0.995,0.0784,-0.0616,0,0.0645,-0.0342,0.9973,0,-0.076,0.9963,0.0391,0,6.3111,-0.4661,102.51,1]},
{"frame":174,"values":[0.9951,0.0783,-0.0608,0,0.0636,-0.0339,0.9974,0,-0.0761,0.9964,0.0387,0,6.3078,-0.4615,102.4712,1]},
{"frame":175,"values":[0.9952,0.078,-0.0596,0,0.0624,-0.0332,0.9975,0,-0.0758,0.9964,0.0379,0,6.2549,-0.4524,102.4653,1]},
{"frame":176,"values":[0.9953,0.0774,-0.0582,0,0.0609,-0.0325,0.9976,0,-0.0753,0.9965,0.037,0,6.1545,-0.4405,102.4972,1]},
{"frame":177,"values":[0.9955,0.0764,-0.0566,0,0.0591,-0.0317,0.9977,0,-0.0744,0.9966,0.0361,0,6.0099,-0.426,102.5659,1]},
{"frame":178,"values":[0.9957,0.075,-0.0546,0,0.0571,-0.031,0.9979,0,-0.0732,0.9967,0.0351,0,5.8237,-0.4082,102.666,1]},
{"frame":179,"values":[0.9959,0.0732,-0.0523,0,0.0547,-0.0303,0.998,0,-0.0715,0.9969,0.0342,0,5.598,-0.386,102.7901,1]},
{"frame":180,"values":[0.9962,0.071,-0.0497,0,0.052,-0.0297,0.9982,0,-0.0694,0.997,0.0333,0,5.3356,-0.3587,102.9299,1]},
{"frame":181,"values":[0.9965,0.0686,-0.047,0,0.0491,-0.029,0.9984,0,-0.0672,0.9972,0.0323,0,5.0398,-0.3265,103.0755,1]},
{"frame":182,"values":[0.9968,0.0662,-0.0443,0,0.0462,-0.0282,0.9985,0,-0.0648,0.9974,0.0312,0,4.7143,-0.29,103.2162,1]},
{"frame":183,"values":[0.9971,0.0638,-0.0418,0,0.0436,-0.0272,0.9987,0,-0.0626,0.9976,0.0299,0,4.3626,-0.2501,103.3421,1]},
{"frame":184,"values":[0.9973,0.0619,-0.0395,0,0.0411,-0.0262,0.9988,0,-0.0608,0.9977,0.0286,0,3.9875,-0.2064,103.4468,1]},
{"frame":185,"values":[0.9975,0.0604,-0.0373,0,0.0389,-0.0251,0.9989,0,-0.0594,0.9979,0.0274,0,3.5907,-0.1577,103.529,1]},
{"frame":186,"values":[0.9976,0.0596,-0.0352,0,0.0367,-0.0241,0.999,0,-0.0587,0.9979,0.0262,0,3.1746,-0.1024,103.593,1]},
{"frame":187,"values":[0.9977,0.0592,-0.0332,0,0.0346,-0.0231,0.9991,0,-0.0583,0.998,0.0251,0,2.7415,-0.04,103.6499,1]},
{"frame":188,"values":[0.9978,0.0589,-0.0311,0,0.0324,-0.0223,0.9992,0,-0.0582,0.998,0.0241,0,2.2943,0.0284,103.7131,1]},
{"frame":189,"values":[0.9979,0.0586,-0.0289,0,0.0302,-0.0216,0.9993,0,-0.058,0.998,0.0233,0,1.8357,0.1005,103.7923,1]},
{"frame":190,"values":[0.998,0.058,-0.0265,0,0.0277,-0.0211,0.9994,0,-0.0574,0.9981,0.0226,0,1.368,0.1734,103.8873,1]},
{"frame":191,"values":[0.9981,0.057,-0.0238,0,0.025,-0.0208,0.9995,0,-0.0565,0.9982,0.0222,0,0.8936,0.2447,103.9867,1]},
{"frame":192,"values":[0.9982,0.0557,-0.021,0,0.0222,-0.0209,0.9995,0,-0.0552,0.9982,0.0221,0,0.4152,0.3132,104.0737,1]},
{"frame":193,"values":[0.9984,0.0542,-0.018,0,0.0192,-0.0212,0.9996,0,-0.0538,0.9983,0.0222,0,-0.0639,0.3791,104.134,1]},
{"frame":194,"values":[0.9985,0.0528,-0.0151,0,0.0163,-0.0216,0.9996,0,-0.0524,0.9984,0.0225,0,-0.5405,0.4442,104.1643,1]},
{"frame":195,"values":[0.9986,0.0514,-0.0123,0,0.0134,-0.022,0.9997,0,-0.0512,0.9984,0.0227,0,-1.0115,0.5104,104.1708,1]},
{"frame":196,"values":[0.9987,0.0502,-0.0095,0,0.0106,-0.0223,0.9997,0,-0.05,0.9985,0.0228,0,-1.4749,0.5795,104.1659,1]},
{"frame":197,"values":[0.9988,0.049,-0.0066,0,0.0077,-0.0223,0.9997,0,-0.0488,0.9986,0.0226,0,-1.9283,0.653,104.1628,1]},
{"frame":198,"values":[0.9989,0.0477,-0.0036,0,0.0047,-0.0221,0.9997,0,-0.0476,0.9986,0.0223,0,-2.3691,0.7311,104.1704,1]},
{"frame":199,"values":[0.9989,0.0462,-0.0007,0,0.0017,-0.0218,0.9998,0,-0.0461,0.9987,0.0219,0,-2.7932,0.8119,104.1892,1]},
{"frame":200,"values":[0.999,0.0444,0.0022,0,-0.0013,-0.0216,0.9998,0,-0.0445,0.9988,0.0215,0,-3.1969,0.8918,104.2137,1]},
{"frame":201,"values":[0.9991,0.0424,0.0051,0,-0.0042,-0.0213,0.9998,0,-0.0425,0.9989,0.0211,0,-3.5797,0.9661,104.2386,1]},
{"frame":202,"values":[0.9992,0.0402,0.0081,0,-0.0072,-0.0209,0.9998,0,-0.0404,0.999,0.0205,0,-3.9452,1.0303,104.2642,1]},
{"frame":203,"values":[0.9992,0.038,0.0111,0,-0.0103,-0.0203,0.9997,0,-0.0382,0.9991,0.0199,0,-4.2992,1.0815,104.297,1]},
{"frame":204,"values":[0.9993,0.0357,0.0141,0,-0.0134,-0.0198,0.9997,0,-0.036,0.9992,0.0193,0,-4.6449,1.1193,104.3445,1]},
{"frame":205,"values":[0.9993,0.0336,0.0168,0,-0.0162,-0.0193,0.9997,0,-0.0339,0.9993,0.0187,0,-4.9818,1.1455,104.4101,1]},
{"frame":206,"values":[0.9993,0.0318,0.0191,0,-0.0185,-0.019,0.9996,0,-0.0321,0.9993,0.0184,0,-5.3078,1.1629,104.4866,1]},
{"frame":207,"values":[0.9993,0.0304,0.0208,0,-0.0202,-0.019,0.9996,0,-0.0308,0.9994,0.0183,0,-5.6216,1.1744,104.5588,1]},
{"frame":208,"values":[0.9993,0.0294,0.022,0,-0.0214,-0.0192,0.9996,0,-0.0298,0.9994,0.0185,0,-5.9243,1.1821,104.6117,1]},
{"frame":209,"values":[0.9993,0.0286,0.023,0,-0.0225,-0.0194,0.9996,0,-0.0291,0.9994,0.0188,0,-6.2179,1.1871,104.6395,1]},
{"frame":210,"values":[0.9993,0.028,0.0241,0,-0.0235,-0.0197,0.9995,0,-0.0285,0.9994,0.0191,0,-6.5045,1.1892,104.6471,1]},
{"frame":211,"values":[0.9993,0.0275,0.0254,0,-0.0248,-0.0201,0.9995,0,-0.028,0.9994,0.0194,0,-6.785,1.1865,104.6427,1]},
{"frame":212,"values":[0.9993,0.0269,0.0268,0,-0.0262,-0.0206,0.9994,0,-0.0274,0.9994,0.0198,0,-7.0588,1.1764,104.6342,1]},
{"frame":213,"values":[0.9993,0.0262,0.0281,0,-0.0276,-0.0211,0.9994,0,-0.0268,0.9994,0.0204,0,-7.3242,1.1553,104.6247,1]},
{"frame":214,"values":[0.9993,0.0253,0.0291,0,-0.0286,-0.0217,0.9994,0,-0.0259,0.9994,0.0209,0,-7.5791,1.12,104.6116,1]},
{"frame":215,"values":[0.9993,0.0242,0.0296,0,-0.0291,-0.0222,0.9993,0,-0.0248,0.9995,0.0214,0,-7.8222,1.0697,104.588,1]},
{"frame":216,"values":[0.9993,0.0227,0.0296,0,-0.0291,-0.0226,0.9993,0,-0.0234,0.9995,0.0219,0,-8.0532,1.0061,104.5464,1]},
{"frame":217,"values":[0.9994,0.021,0.0293,0,-0.0288,-0.0229,0.9993,0,-0.0217,0.9995,0.0223,0,-8.273,0.9328,104.4839,1]},
{"frame":218,"values":[0.9994,0.019,0.0287,0,-0.0283,-0.0232,0.9993,0,-0.0197,0.9995,0.0226,0,-8.4831,0.8537,104.4036,1]},
{"frame":219,"values":[0.9995,0.0167,0.0281,0,-0.0278,-0.0236,0.9993,0,-0.0173,0.9996,0.0232,0,-8.6852,0.7718,104.314,1]},
{"frame":220,"values":[0.9995,0.014,0.0277,0,-0.0274,-0.0242,0.9993,0,-0.0147,0.9996,0.0238,0,-8.8802,0.6891,104.2248,1]},
{"frame":221,"values":[0.9996,0.0112,0.0273,0,-0.027,-0.0249,0.9993,0,-0.0119,0.9996,0.0246,0,-9.0679,0.6068,104.1423,1]},
{"frame":222,"values":[0.9996,0.0081,0.0269,0,-0.0266,-0.0257,0.9993,0,-0.0088,0.9996,0.0254,0,-9.2476,0.5262,104.0713,1]},
{"frame":223,"values":[0.9996,0.0048,0.0262,0,-0.0261,-0.0263,0.9993,0,-0.0055,0.9996,0.0261,0,-9.4181,0.4492,104.017,1]},
{"frame":224,"values":[0.9997,0.001,0.0253,0,-0.0252,-0.0268,0.9993,0,-0.0017,0.9996,0.0268,0,-9.5787,0.378,103.9809,1]},
{"frame":225,"values":[0.9997,-0.0033,0.0241,0,-0.0242,-0.0273,0.9993,0,0.0027,0.9996,0.0274,0,-9.7297,0.3146,103.9559,1]},
{"frame":226,"values":[0.9997,-0.0083,0.0229,0,-0.0231,-0.0279,0.9993,0,0.0077,0.9996,0.028,0,-9.8717,0.2604,103.9249,1]},
{"frame":227,"values":[0.9997,-0.0139,0.0217,0,-0.0221,-0.0286,0.9993,0,0.0133,0.9995,0.0289,0,-10.0057,0.2157,103.8698,1]},
{"frame":228,"values":[0.9996,-0.0199,0.0207,0,-0.0212,-0.0295,0.9993,0,0.0193,0.9994,0.0299,0,-10.1329,0.1792,103.7823,1]},
{"frame":229,"values":[0.9995,-0.0258,0.0199,0,-0.0207,-0.0306,0.9993,0,0.0252,0.9992,0.0311,0,-10.2544,0.1487,103.67,1]},
{"frame":230,"values":[0.9993,-0.0315,0.0194,0,-0.0204,-0.0317,0.9993,0,0.0309,0.999,0.0324,0,-10.3712,0.1215,103.5518,1]},
{"frame":231,"values":[0.9991,-0.0368,0.0191,0,-0.0204,-0.0328,0.9993,0,0.0362,0.9988,0.0335,0,-10.4833,0.0942,103.4449,1]},
{"frame":232,"values":[0.9989,-0.0417,0.0191,0,-0.0205,-0.0336,0.9992,0,0.041,0.9986,0.0344,0,-10.5904,0.0639,103.3582,1]},
{"frame":233,"values":[0.9987,-0.0463,0.0192,0,-0.0208,-0.034,0.9992,0,0.0457,0.9983,0.035,0,-10.692,0.0288,103.2898,1]},
{"frame":234,"values":[0.9985,-0.0507,0.0195,0,-0.0213,-0.0342,0.9992,0,0.05,0.9981,0.0353,0,-10.7878,-0.0112,103.2325,1]},
{"frame":235,"values":[0.9983,-0.0549,0.0199,0,-0.0218,-0.0342,0.9992,0,0.0542,0.9979,0.0354,0,-10.8779,-0.0543,103.1806,1]},
{"frame":236,"values":[0.9981,-0.0587,0.0205,0,-0.0225,-0.0342,0.9992,0,0.058,0.9977,0.0354,0,-10.9624,-0.0977,103.1324,1]},
{"frame":237,"values":[0.9978,-0.0622,0.021,0,-0.0232,-0.034,0.9992,0,0.0614,0.9975,0.0354,0,-11.0408,-0.1384,103.089,1]},
{"frame":238,"values":[0.9976,-0.0652,0.0215,0,-0.0237,-0.0339,0.9991,0,0.0644,0.9973,0.0353,0,-11.1116,-0.1745,103.052,1]},
{"frame":239,"values":[0.9975,-0.0678,0.0216,0,-0.0239,-0.0336,0.9991,0,0.067,0.9971,0.0352,0,-11.1731,-0.2046,103.0229,1]},
{"frame":240,"values":[0.9973,-0.0703,0.0213,0,-0.0237,-0.0333,0.9992,0,0.0695,0.997,0.0349,0,-11.2247,-0.2273,103.004,1]},
{"frame":241,"values":[0.9971,-0.0728,0.0207,0,-0.0231,-0.0328,0.9992,0,0.072,0.9968,0.0344,0,-11.2674,-0.2402,102.9981,1]},
{"frame":242,"values":[0.997,-0.0753,0.02,0,-0.0225,-0.0322,0.9992,0,0.0746,0.9966,0.0338,0,-11.3032,-0.2405,103.0081,1]},
{"frame":243,"values":[0.9968,-0.0779,0.0195,0,-0.022,-0.0316,0.9993,0,0.0772,0.9965,0.0332,0,-11.3324,-0.2255,103.0354,1]},
{"frame":244,"values":[0.9966,-0.0804,0.0191,0,-0.0216,-0.0309,0.9993,0,0.0797,0.9963,0.0325,0,-11.3527,-0.1937,103.0773,1]},
{"frame":245,"values":[0.9964,-0.0827,0.0188,0,-0.0214,-0.0302,0.9993,0,0.0821,0.9961,0.0318,0,-11.3599,-0.1452,103.1276,1]},
{"frame":246,"values":[0.9962,-0.0849,0.0185,0,-0.0211,-0.0296,0.9993,0,0.0843,0.996,0.0312,0,-11.3505,-0.0812,103.1767,1]},
{"frame":247,"values":[0.996,-0.087,0.0181,0,-0.0207,-0.029,0.9994,0,0.0865,0.9958,0.0307,0,-11.3233,-0.0023,103.216,1]},
{"frame":248,"values":[0.9959,-0.0892,0.0175,0,-0.0201,-0.0286,0.9994,0,0.0886,0.9956,0.0303,0,-11.2788,0.0915,103.2403,1]},
{"frame":249,"values":[0.9957,-0.0913,0.0168,0,-0.0195,-0.0284,0.9994,0,0.0908,0.9954,0.03,0,-11.2189,0.201,103.2514,1]},
{"frame":250,"values":[0.9955,-0.0934,0.0163,0,-0.019,-0.0282,0.9994,0,0.0929,0.9952,0.0298,0,-11.1453,0.3267,103.2569,1]},
{"frame":251,"values":[0.9953,-0.0955,0.0161,0,-0.0188,-0.0281,0.9994,0,0.095,0.995,0.0297,0,-11.06,0.4666,103.2694,1]},
{"frame":252,"values":[0.9951,-0.0977,0.0162,0,-0.019,-0.0279,0.9994,0,0.0972,0.9948,0.0297,0,-10.964,0.6167,103.3028,1]},
{"frame":253,"values":[0.9949,-0.0998,0.0167,0,-0.0195,-0.0277,0.9994,0,0.0993,0.9946,0.0295,0,-10.8575,0.772,103.3661,1]},
{"frame":254,"values":[0.9947,-0.1018,0.0173,0,-0.0202,-0.0274,0.9994,0,0.1013,0.9944,0.0293,0,-10.7398,0.9276,103.4564,1]},
{"frame":255,"values":[0.9945,-0.1036,0.0178,0,-0.0206,-0.0269,0.9994,0,0.103,0.9943,0.0289,0,-10.6094,1.0813,103.5571,1]},
{"frame":256,"values":[0.9943,-0.1048,0.018,0,-0.0208,-0.0262,0.9994,0,0.1043,0.9941,0.0282,0,-10.4653,1.2328,103.6466,1]},
{"frame":257,"values":[0.9943,-0.1053,0.0178,0,-0.0206,-0.0254,0.9995,0,0.1048,0.9941,0.0274,0,-10.3076,1.3838,103.712,1]},
{"frame":258,"values":[0.9943,-0.1051,0.0174,0,-0.02,-0.0245,0.9995,0,0.1046,0.9942,0.0264,0,-10.1377,1.536,103.7586,1]},
{"frame":259,"values":[0.9944,-0.1042,0.0169,0,-0.0194,-0.0235,0.9995,0,0.1038,0.9943,0.0254,0,-9.9583,1.6904,103.8066,1]},
{"frame":260,"values":[0.9946,-0.1028,0.0167,0,-0.0191,-0.0226,0.9996,0,0.1024,0.9944,0.0245,0,-9.7718,1.847,103.876,1]},
{"frame":261,"values":[0.9947,-0.1012,0.0167,0,-0.019,-0.0221,0.9996,0,0.1007,0.9946,0.0239,0,-9.5792,2.005,103.9743,1]},
{"frame":262,"values":[0.9949,-0.0995,0.017,0,-0.0193,-0.022,0.9996,0,0.0991,0.9948,0.0238,0,-9.3805,2.1625,104.0961,1]},
{"frame":263,"values":[0.995,-0.0981,0.0175,0,-0.0198,-0.0224,0.9996,0,0.0977,0.9949,0.0242,0,-9.175,2.3165,104.2303,1]},
{"frame":264,"values":[0.9951,-0.097,0.0181,0,-0.0204,-0.0231,0.9995,0,0.0965,0.995,0.025,0,-8.9628,2.4637,104.3683,1]},
{"frame":265,"values":[0.9952,-0.0959,0.0188,0,-0.0212,-0.0238,0.9995,0,0.0954,0.9951,0.0257,0,-8.744,2.6015,104.5037,1]},
{"frame":266,"values":[0.9953,-0.0945,0.0195,0,-0.0219,-0.0243,0.9995,0,0.094,0.9952,0.0263,0,-8.5182,2.7285,104.629,1]},
{"frame":267,"values":[0.9955,-0.0924,0.02,0,-0.0224,-0.0246,0.9994,0,0.0918,0.9954,0.0266,0,-8.2847,2.8437,104.7335,1]},
{"frame":268,"values":[0.9958,-0.0893,0.0201,0,-0.0224,-0.0248,0.9994,0,0.0887,0.9957,0.0267,0,-8.0427,2.9467,104.8066,1]},
{"frame":269,"values":[0.9962,-0.0854,0.0197,0,-0.0219,-0.0249,0.9994,0,0.0848,0.996,0.0267,0,-7.7923,3.0368,104.8427,1]},
{"frame":270,"values":[0.9965,-0.081,0.019,0,-0.0211,-0.0251,0.9995,0,0.0805,0.9964,0.0268,0,-7.5351,3.1143,104.8463,1]},
{"frame":271,"values":[0.9969,-0.0766,0.0184,0,-0.0204,-0.0252,0.9995,0,0.0761,0.9967,0.0267,0,-7.2737,3.1804,104.8317,1]},
{"frame":272,"values":[0.9972,-0.0726,0.0181,0,-0.02,-0.0251,0.9995,0,0.0721,0.997,0.0264,0,-7.0108,3.2372,104.8168,1]},
{"frame":273,"values":[0.9975,-0.0689,0.0183,0,-0.0201,-0.0246,0.9995,0,0.0684,0.9973,0.0259,0,-6.7479,3.2871,104.8155,1]},
{"frame":274,"values":[0.9977,-0.0655,0.019,0,-0.0206,-0.024,0.9995,0,0.065,0.9976,0.0252,0,-6.4848,3.3324,104.8325,1]},
{"frame":275,"values":[0.9979,-0.0622,0.0196,0,-0.0211,-0.0233,0.9995,0,0.0617,0.9978,0.0246,0,-6.2195,3.3744,104.8648,1]},
{"frame":276,"values":[0.9981,-0.0587,0.0198,0,-0.0212,-0.0231,0.9995,0,0.0582,0.998,0.0243,0,-5.9493,3.413,104.9048,1]},
{"frame":277,"values":[0.9983,-0.0548,0.0192,0,-0.0205,-0.0232,0.9995,0,0.0543,0.9982,0.0243,0,-5.6721,3.4463,104.9431,1]},
{"frame":278,"values":[0.9986,-0.0504,0.0177,0,-0.0189,-0.0238,0.9995,0,0.05,0.9984,0.0248,0,-5.3871,3.4707,104.97,1]},
{"frame":279,"values":[0.9988,-0.0458,0.0154,0,-0.0165,-0.0246,0.9996,0,0.0454,0.9986,0.0253,0,-5.0961,3.482,104.979,1]},
{"frame":280,"values":[0.9991,-0.0411,0.0127,0,-0.0138,-0.0251,0.9996,0,0.0408,0.9988,0.0257,0,-4.8021,3.4773,104.9678,1]},
{"frame":281,"values":[0.9993,-0.0365,0.0101,0,-0.011,-0.0253,0.9996,0,0.0363,0.999,0.0256,0,-4.5086,3.4554,104.9397,1]},
{"frame":282,"values":[0.9995,-0.0321,0.0077,0,-0.0085,-0.0249,0.9997,0,0.0319,0.9992,0.0252,0,-4.2181,3.4172,104.8991,1]},
{"frame":283,"values":[0.9996,-0.0279,0.0056,0,-0.0063,-0.0243,0.9997,0,0.0277,0.9993,0.0245,0,-3.9313,3.3645,104.8497,1]},
{"frame":284,"values":[0.9997,-0.0237,0.0038,0,-0.0044,-0.0236,0.9997,0,0.0236,0.9994,0.0237,0,-3.6482,3.2993,104.7953,1]},
{"frame":285,"values":[0.9998,-0.0197,0.0021,0,-0.0025,-0.0229,0.9997,0,0.0196,0.9995,0.023,0,-3.368,3.2239,104.7407,1]},
{"frame":286,"values":[0.9999,-0.0159,0.0002,0,-0.0006,-0.0225,0.9997,0,0.0159,0.9996,0.0225,0,-3.09,3.1404,104.6928,1]},
{"frame":287,"values":[0.9999,-0.0127,-0.0017,0,0.0014,-0.0223,0.9997,0,0.0127,0.9997,0.0223,0,-2.8144,3.05,104.6562,1]},
{"frame":288,"values":[0.9999,-0.0102,-0.0035,0,0.0033,-0.0224,0.9997,0,0.0103,0.9997,0.0223,0,-2.5421,2.9532,104.6278,1]},
{"frame":289,"values":[1,-0.0085,-0.0052,0,0.005,-0.0225,0.9997,0,0.0086,0.9997,0.0224,0,-2.2743,2.8498,104.5985,1]},
{"frame":290,"values":[0.9999,-0.0076,-0.0067,0,0.0065,-0.0225,0.9997,0,0.0078,0.9997,0.0225,0,-2.0123,2.7394,104.5602,1]},
{"frame":291,"values":[0.9999,-0.0072,-0.0079,0,0.0078,-0.0225,0.9997,0,0.0073,0.9997,0.0224,0,-1.7568,2.6225,104.5139,1]},
{"frame":292,"values":[0.9999,-0.0067,-0.0091,0,0.0089,-0.0223,0.9997,0,0.0069,0.9997,0.0222,0,-1.5081,2.4998,104.4697,1]},
{"frame":293,"values":[0.9999,-0.006,-0.0103,0,0.0101,-0.0222,0.9997,0,0.0062,0.9997,0.0221,0,-1.2658,2.3726,104.4373,1]},
{"frame":294,"values":[0.9999,-0.0046,-0.0116,0,0.0115,-0.0225,0.9997,0,0.0049,0.9997,0.0224,0,-1.0297,2.2416,104.4167,1]},
{"frame":295,"values":[0.9999,-0.0029,-0.0132,0,0.0131,-0.0232,0.9996,0,0.0032,0.9997,0.0232,0,-0.8001,2.1066,104.3972,1]},
{"frame":296,"values":[0.9999,-0.0009,-0.015,0,0.0149,-0.0243,0.9996,0,0.0013,0.9997,0.0243,0,-0.577,1.9669,104.3655,1]},
{"frame":297,"values":[0.9999,0.0008,-0.0169,0,0.017,-0.0255,0.9995,0,-0.0004,0.9997,0.0255,0,-0.3605,1.8217,104.3142,1]},
{"frame":298,"values":[0.9998,0.0017,-0.019,0,0.019,-0.0261,0.9995,0,-0.0012,0.9997,0.0261,0,-0.1579,1.7346,104.2602,1]},
{"frame":299,"values":[0.9998,0.0023,-0.021,0,0.0211,-0.0266,0.9994,0,-0.0017,0.9996,0.0266,0,0.0399,1.6701,104.2084,1]},
{"frame":311,"values":[0.9948,0.1,0.0169,0,-0.0139,-0.0306,0.9994,0,-0.1004,0.9945,0.029,0,-3.8724,1.913,103.6736,1]},
{"frame":312,"values":[0.9924,0.1218,0.0185,0,-0.0155,-0.0254,0.9996,0,-0.1223,0.9922,0.0234,0,-3.8829,1.5034,104.0039,1]},
{"frame":313,"values":[0.9902,0.1384,0.0187,0,-0.0162,-0.0191,0.9997,0,-0.1387,0.9902,0.0167,0,-3.8642,1.2011,104.2437,1]},
{"frame":314,"values":[0.9887,0.1485,0.0179,0,-0.0162,-0.0127,0.9998,0,-0.1487,0.9888,0.0101,0,-3.7864,1.061,104.3123,1]},
{"frame":315,"values":[0.9881,0.1527,0.0166,0,-0.0158,-0.007,0.9999,0,-0.1528,0.9883,0.0045,0,-3.6111,1.0928,104.1395,1]},
{"frame":316,"values":[0.988,0.1541,0.0138,0,-0.0137,-0.0018,0.9999,0,-0.1541,0.9881,-0.0003,0,-3.2924,1.2891,103.6335,1]},
{"frame":317,"values":[0.9876,0.1567,0.0102,0,-0.0109,0.0037,0.9999,0,-0.1567,0.9876,-0.0053,0,-2.837,1.6299,102.8969,1]},
{"frame":318,"values":[0.9864,0.1638,0.0132,0,-0.0149,0.0089,0.9998,0,-0.1637,0.9864,-0.0112,0,-2.3047,1.9262,102.193,1]},
{"frame":319,"values":[0.9841,0.1762,0.0228,0,-0.0253,0.0122,0.9996,0,-0.1759,0.9843,-0.0164,0,-1.7154,2.3234,101.4555,1]},
{"frame":320,"values":[0.9808,0.1902,0.0439,0,-0.0466,0.0094,0.9989,0,-0.1896,0.9817,-0.0181,0,-1.0779,2.7109,100.8704,1]},
{"frame":321,"values":[0.9772,0.2002,0.0714,0,-0.0726,-0.0011,0.9974,0,-0.1997,0.9798,-0.0134,0,-0.3761,3.0809,100.3781,1]},
{"frame":322,"values":[0.9743,0.2029,0.0983,0,-0.0967,-0.0178,0.9952,0,-0.2036,0.979,-0.0022,0,0.3413,3.3625,100.1073,1]},
