{"producer":{"name":"Blender","version":"2.83.10","exporter_version":"2.80.0","file":"agent5.babylon"},
"autoClear":true,"clearColor":[0.0509,0.0509,0.0509],"gravity":[0,-9.81,0],
"materials":[{"name":"Bottommat.1","id":"Bottommat.1","customType":"BABYLON.PBRMaterial","backFaceCulling":true,"checkReadyOnlyOnce":false,"maxSimultaneousLights":4,"environmentIntensity":1,"albedo":[0.6833,0,1],"reflectivity":[0.5,0.5,0.5],"roughness":0.5528,"alpha":1,"transparencyMode":0,"alphaCutOff":0.4,"metallic":0},
{"name":"Topmat.1","id":"Topmat.1","customType":"BABYLON.PBRMaterial","backFaceCulling":true,"checkReadyOnlyOnce":false,"maxSimultaneousLights":4,"environmentIntensity":1,"albedo":[1,1,1],"reflectivity":[0.5,0.5,0.5],"roughness":0.5528,"alpha":1,"transparencyMode":0,"alphaCutOff":0.4,"metallic":0},
{"name":"Shoesmat","id":"Shoesmat","customType":"BABYLON.PBRMaterial","backFaceCulling":true,"checkReadyOnlyOnce":false,"maxSimultaneousLights":4,"environmentIntensity":1,"albedo":[0,1,0.05],"reflectivity":[0.5,0.5,0.5],"roughness":0.5528,"alpha":1,"transparencyMode":0,"alphaCutOff":0.4,"metallic":0},
{"name":"Bodymat.1","id":"Bodymat.1","customType":"BABYLON.PBRMaterial","backFaceCulling":true,"checkReadyOnlyOnce":false,"maxSimultaneousLights":4,"environmentIntensity":1,"albedo":[1,0,0],"reflectivity":[0.5,0.5,0.5],"roughness":0.5528,"alpha":1,"transparencyMode":0,"alphaCutOff":0.4,"metallic":0}],
"multiMaterials":[{"name":"agent5.Multimaterial#0","id":"agent5.Multimaterial#0","materials":["Bottommat.1","Topmat.1","Shoesmat","Bodymat.1"]}],
"skeletons":[{"name":"agent5","id":0,"dimensionsAtRest":[197.7359,37.5681,197.5807],"bones":[
{"name":"mixamorig_Hips","index":0,"matrix":[0.9946,0.1008,0.0252,0,-0.0221,-0.0309,0.9993,0,-0.1015,0.9944,0.0285,0,-3.6054,-0.0429,104.9985,1],"rest":[0.9999,-0.0005,-0.0151,0,0.0151,0.0005,0.9999,0,0.0005,1,-0.0005,0,0.1698,-0.6265,108.2078,1],"parentBoneIndex":-1,"length":11.7669
,"animation":{"dataType":3,"framePerSecond":30,"keys":[
{"frame":1,"values":[0.9998,0.0025,-0.0212,0,0.0213,-0.0264,0.9994,0,-0.0019,0.9996,0.0265,0,0.0049,-0.2997,105.2668,1]},
{"frame":2,"values":[0.9997,0.0028,-0.0229,0,0.0229,-0.0268,0.9994,0,-0.0022,0.9996,0.0269,0,0.1962,-0.3384,105.2233,1]},
{"frame":3,"values":[0.9997,0.0029,-0.0245,0,0.0245,-0.0273,0.9993,0,-0.0023,0.9996,0.0273,0,0.3817,-0.352,105.1914,1]},
{"frame":4,"values":[0.9997,0.0026,-0.0256,0,0.0257,-0.0281,0.9993,0,-0.0019,0.9996,0.0281,0,0.5473,-0.2969,105.1925,1]},
{"frame":5,"values":[0.9996,0.0021,-0.0265,0,0.0266,-0.029,0.9992,0,-0.0014,0.9996,0.0291,0,0.6985,-0.2412,105.1814,1]},
{"frame":6,"values":[0.9996,0.0015,-0.0274,0,0.0274,-0.0301,0.9992,0,-0.0007,0.9995,0.0301,0,0.8362,-0.1877,105.1424,1]},
{"frame":7,"values":[0.9996,0.0008,-0.0283,0,0.0284,-0.0311,0.9991,0,0.0001,0.9995,0.0311,0,0.9609,-0.1383,105.0702,1]},
{"frame":8,"values":[0.9996,0.0001,-0.0294,0,0.0294,-0.032,0.9991,0,0.0009,0.9995,0.032,0,1.0724,-0.0936,104.9696,1]},
{"frame":9,"values":[0.9995,-0.0006,-0.0304,0,0.0304,-0.0329,0.999,0,0.0016,0.9995,0.0329,0,1.1699,-0.053,104.8498,1]},
{"frame":10,"values":[0.9995,-0.0012,-0.0313,0,0.0313,-0.0337,0.9989,0,0.0022,0.9994,0.0337,0,1.2521,-0.0154,104.7196,1]},
{"frame":11,"values":[0.9995,-0.0017,-0.0319,0,0.0318,-0.0345,0.9989,0,0.0028,0.9994,0.0344,0,1.3177,0.0197,104.5848,1]},
{"frame":12,"values":[0.9995,-0.0021,-0.0322,0,0.0321,-0.0351,0.9989,0,0.0032,0.9994,0.035,0,1.3656,0.0523,104.4487,1]},
{"frame":13,"values":[0.9995,-0.0024,-0.0322,0,0.0321,-0.0356,0.9989,0,0.0035,0.9994,0.0355,0,1.3958,0.0821,104.3123,1]},
{"frame":14,"values":[0.9995,-0.0026,-0.0321,0,0.032,-0.036,0.9988,0,0.0037,0.9993,0.0359,0,1.4105,0.1082,104.1759,1]},
{"frame":15,"values":[0.9995,-0.0025,-0.0319,0,0.0318,-0.0362,0.9988,0,0.0036,0.9993,0.0361,0,1.4135,0.1298,104.0401,1]},
{"frame":16,"values":[0.9995,-0.0022,-0.0317,0,0.0316,-0.0364,0.9988,0,0.0033,0.9993,0.0363,0,1.4087,0.1455,103.9068,1]},
{"frame":17,"values":[0.9995,-0.0016,-0.0316,0,0.0316,-0.0365,0.9988,0,0.0027,0.9993,0.0364,0,1.3984,0.1547,103.7804,1]},
{"frame":18,"values":[0.9995,-0.0008,-0.0316,0,0.0315,-0.0366,0.9988,0,0.002,0.9993,0.0366,0,1.3831,0.1569,103.6668,1]},
{"frame":19,"values":[0.9995,0,-0.0317,0,0.0316,-0.0368,0.9988,0,0.0012,0.9993,0.0368,0,1.3627,0.1534,103.5709,1]},
{"frame":20,"values":[0.9995,0.0007,-0.0319,0,0.0319,-0.0372,0.9988,0,0.0005,0.9993,0.0372,0,1.3374,0.1469,103.4942,1]},
{"frame":21,"values":[0.9995,0.0013,-0.0322,0,0.0322,-0.0378,0.9988,0,0,0.9993,0.0378,0,1.3073,0.1409,103.4346,1]},
{"frame":22,"values":[0.9995,0.0017,-0.0327,0,0.0327,-0.0387,0.9987,0,-0.0005,0.9993,0.0387,0,1.2723,0.139,103.3865,1]},
{"frame":23,"values":[0.9994,0.0021,-0.0332,0,0.0333,-0.0397,0.9987,0,-0.0008,0.9992,0.0398,0,1.2318,0.1427,103.3422,1]},
{"frame":24,"values":[0.9994,0.0025,-0.0337,0,0.0338,-0.0409,0.9986,0,-0.0011,0.9992,0.041,0,1.1846,0.1512,103.2923,1]},
{"frame":25,"values":[0.9994,0.0029,-0.034,0,0.0341,-0.0421,0.9985,0,-0.0014,0.9991,0.0422,0,1.1298,0.1617,103.2317,1]},
{"frame":26,"values":[0.9994,0.0032,-0.034,0,0.0341,-0.0433,0.9985,0,-0.0018,0.9991,0.0434,0,1.0671,0.1715,103.1626,1]},
{"frame":27,"values":[0.9994,0.0037,-0.0338,0,0.0339,-0.0443,0.9984,0,-0.0022,0.999,0.0444,0,0.9968,0.1796,103.0944,1]},
{"frame":28,"values":[0.9994,0.0041,-0.0334,0,0.0336,-0.0454,0.9984,0,-0.0026,0.999,0.0455,0,0.9199,0.1866,103.0377,1]},
{"frame":29,"values":[0.9994,0.0045,-0.033,0,0.0331,-0.0465,0.9984,0,-0.003,0.9989,0.0466,0,0.8377,0.1939,102.9976,1]},
{"frame":30,"values":[0.9995,0.0049,-0.0326,0,0.0328,-0.0477,0.9983,0,-0.0033,0.9988,0.0478,0,0.7509,0.2017,102.971,1]},
{"frame":31,"values":[0.9995,0.0051,-0.0323,0,0.0325,-0.0489,0.9983,0,-0.0035,0.9988,0.0491,0,0.6596,0.2093,102.9485,1]},
{"frame":32,"values":[0.9995,0.0053,-0.0321,0,0.0324,-0.05,0.9982,0,-0.0037,0.9987,0.0502,0,0.5637,0.2148,102.92,1]},
{"frame":33,"values":[0.9995,0.0054,-0.032,0,0.0323,-0.051,0.9982,0,-0.0037,0.9987,0.0512,0,0.4628,0.2166,102.8811,1]},
{"frame":34,"values":[0.9995,0.0054,-0.0319,0,0.0322,-0.0519,0.9981,0,-0.0038,0.9986,0.0521,0,0.3566,0.2136,102.835,1]},
{"frame":35,"values":[0.9995,0.0055,-0.0317,0,0.032,-0.0528,0.9981,0,-0.0038,0.9986,0.0529,0,0.2448,0.2056,102.7891,1]},
{"frame":36,"values":[0.9995,0.0056,-0.0313,0,0.0316,-0.0537,0.9981,0,-0.0039,0.9985,0.0538,0,0.1272,0.1926,102.7492,1]},
{"frame":37,"values":[0.9995,0.0057,-0.0308,0,0.0311,-0.0546,0.998,0,-0.004,0.9985,0.0547,0,0.0042,0.1753,102.7167,1]},
{"frame":38,"values":[0.9995,0.0058,-0.0303,0,0.0305,-0.0554,0.998,0,-0.0041,0.9984,0.0555,0,-0.1238,0.1545,102.6901,1]},
{"frame":39,"values":[0.9995,0.0058,-0.0297,0,0.0299,-0.056,0.998,0,-0.0041,0.9984,0.0561,0,-0.2565,0.1316,102.6678,1]},
{"frame":40,"values":[0.9996,0.0058,-0.029,0,0.0293,-0.0562,0.998,0,-0.0041,0.9984,0.0564,0,-0.3936,0.1075,102.6505,1]},
{"frame":41,"values":[0.9996,0.0057,-0.0284,0,0.0286,-0.0561,0.998,0,-0.0041,0.9984,0.0563,0,-0.5352,0.0825,102.6405,1]},
{"frame":42,"values":[0.9996,0.0056,-0.0277,0,0.0279,-0.0557,0.9981,0,-0.0041,0.9984,0.0558,0,-0.6808,0.0558,102.6401,1]},
{"frame":43,"values":[0.9996,0.0056,-0.027,0,0.0273,-0.055,0.9981,0,-0.0041,0.9985,0.0552,0,-0.8299,0.0261,102.6483,1]},
{"frame":44,"values":[0.9996,0.0055,-0.0265,0,0.0268,-0.0543,0.9982,0,-0.004,0.9985,0.0544,0,-0.9822,-0.0083,102.6617,1]},
{"frame":45,"values":[0.9996,0.0053,-0.026,0,0.0263,-0.0535,0.9982,0,-0.0039,0.9986,0.0536,0,-1.138,-0.0485,102.6764,1]},
{"frame":46,"values":[0.9997,0.0052,-0.0254,0,0.0257,-0.0526,0.9983,0,-0.0038,0.9986,0.0527,0,-1.2982,-0.0952,102.6918,1]},
{"frame":47,"values":[0.9997,0.005,-0.0246,0,0.0248,-0.0517,0.9984,0,-0.0037,0.9986,0.0518,0,-1.4641,-0.1481,102.7119,1]},
{"frame":48,"values":[0.9997,0.0049,-0.0234,0,0.0236,-0.0507,0.9984,0,-0.0037,0.9987,0.0508,0,-1.636,-0.2056,102.7444,1]},
{"frame":49,"values":[0.9997,0.0047,-0.022,0,0.0222,-0.0497,0.9985,0,-0.0036,0.9988,0.0498,0,-1.8131,-0.2649,102.7958,1]},
{"frame":50,"values":[0.9998,0.0043,-0.0205,0,0.0207,-0.0487,0.9986,0,-0.0033,0.9988,0.0488,0,-1.9937,-0.3226,102.8658,1]},
{"frame":51,"values":[0.9998,0.0034,-0.0192,0,0.0193,-0.0479,0.9987,0,-0.0025,0.9988,0.0479,0,-2.1763,-0.3766,102.9462,1]},
{"frame":52,"values":[0.9998,0.0021,-0.0181,0,0.0182,-0.0472,0.9987,0,-0.0013,0.9989,0.0473,0,-2.3605,-0.4264,103.0244,1]},
{"frame":53,"values":[0.9999,0.0006,-0.0173,0,0.0173,-0.0467,0.9988,0,0.0002,0.9989,0.0467,0,-2.5467,-0.4728,103.0926,1]},
{"frame":54,"values":[0.9999,-0.0009,-0.0165,0,0.0164,-0.0462,0.9988,0,0.0016,0.9989,0.0462,0,-2.7358,-0.5171,103.1519,1]},
{"frame":55,"values":[0.9999,-0.0022,-0.0156,0,0.0155,-0.0455,0.9988,0,0.0029,0.999,0.0454,0,-2.9281,-0.5603,103.2104,1]},
{"frame":56,"values":[0.9999,-0.0033,-0.0146,0,0.0144,-0.0445,0.9989,0,0.004,0.999,0.0444,0,-3.1237,-0.6025,103.2756,1]},
{"frame":57,"values":[0.9999,-0.0042,-0.0135,0,0.0133,-0.0433,0.999,0,0.0048,0.9991,0.0432,0,-3.3226,-0.6432,103.3498,1]},
{"frame":58,"values":[0.9999,-0.0049,-0.0125,0,0.0123,-0.042,0.999,0,0.0054,0.9991,0.0419,0,-3.5256,-0.6818,103.4282,1]},
{"frame":59,"values":[0.9999,-0.0054,-0.0116,0,0.0114,-0.0408,0.9991,0,0.0059,0.9992,0.0407,0,-3.7328,-0.7176,103.5027,1]},
{"frame":60,"values":[0.9999,-0.0056,-0.0109,0,0.0107,-0.0399,0.9991,0,0.0061,0.9992,0.0398,0,-3.9432,-0.7504,103.5664,1]},
{"frame":61,"values":[0.9999,-0.0056,-0.0103,0,0.0101,-0.0392,0.9992,0,0.006,0.9992,0.0392,0,-4.1568,-0.7803,103.6167,1]},
{"frame":62,"values":[0.9999,-0.0054,-0.0096,0,0.0094,-0.0389,0.9992,0,0.0058,0.9992,0.0388,0,-4.374,-0.8075,103.6584,1]},
{"frame":63,"values":[0.9999,-0.0052,-0.0088,0,0.0086,-0.0387,0.9992,0,0.0055,0.9992,0.0386,0,-4.5955,-0.8318,103.7009,1]},
{"frame":64,"values":[1,-0.005,-0.0078,0,0.0076,-0.0385,0.9992,0,0.0053,0.9992,0.0385,0,-4.8215,-0.8518,103.7529,1]},
{"frame":65,"values":[1,-0.0048,-0.0066,0,0.0064,-0.0385,0.9992,0,0.005,0.9992,0.0384,0,-5.0513,-0.865,103.8179,1]},
{"frame":66,"values":[1,-0.0046,-0.0052,0,0.005,-0.0385,0.9992,0,0.0048,0.9992,0.0384,0,-5.2847,-0.869,103.894,1]},
{"frame":67,"values":[1,-0.0044,-0.0037,0,0.0035,-0.0385,0.9993,0,0.0046,0.9992,0.0385,0,-5.5213,-0.8627,103.9766,1]},
{"frame":68,"values":[1,-0.0044,-0.0019,0,0.0018,-0.0385,0.9993,0,0.0044,0.9992,0.0385,0,-5.7614,-0.8469,104.0629,1]},
{"frame":69,"values":[1,-0.0046,0,0,-0.0002,-0.0386,0.9993,0,0.0046,0.9992,0.0386,0,-6.0045,-0.8244,104.1532,1]},
{"frame":70,"values":[1,-0.0053,0.002,0,-0.0022,-0.0387,0.9993,0,0.0052,0.9992,0.0387,0,-6.2501,-0.7984,104.2498,1]},
{"frame":71,"values":[1,-0.0063,0.0041,0,-0.0044,-0.0387,0.9992,0,0.0061,0.9992,0.0388,0,-6.4975,-0.7712,104.3549,1]},
{"frame":72,"values":[1,-0.0074,0.0062,0,-0.0065,-0.0388,0.9992,0,0.0072,0.9992,0.0388,0,-6.7458,-0.743,104.4699,1]},
{"frame":73,"values":[0.9999,-0.0085,0.0083,0,-0.0086,-0.0388,0.9992,0,0.0082,0.9992,0.0389,0,-6.9945,-0.7119,104.5948,1]},
{"frame":74,"values":[0.9999,-0.0095,0.0104,0,-0.0108,-0.0388,0.9992,0,0.0091,0.9992,0.0389,0,-7.2432,-0.675,104.7266,1]},
{"frame":75,"values":[0.9999,-0.0103,0.0125,0,-0.0129,-0.0388,0.9992,0,0.0098,0.9992,0.039,0,-7.4923,-0.6293,104.858,1]},
{"frame":76,"values":[0.9998,-0.011,0.0147,0,-0.0151,-0.0389,0.9991,0,0.0104,0.9992,0.039,0,-7.7415,-0.5738,104.977,1]},
{"frame":77,"values":[0.9998,-0.0115,0.0169,0,-0.0174,-0.0389,0.9991,0,0.0108,0.9992,0.0391,0,-7.9905,-0.5097,105.0718,1]},
{"frame":78,"values":[0.9997,-0.012,0.0191,0,-0.0196,-0.0389,0.9991,0,0.0112,0.9992,0.0391,0,-8.2386,-0.4412,105.1362,1]},
{"frame":79,"values":[0.9997,-0.0123,0.0213,0,-0.0218,-0.0388,0.999,0,0.0114,0.9992,0.0391,0,-8.4855,-0.3732,105.1726,1]},
{"frame":80,"values":[0.9996,-0.0125,0.0236,0,-0.0241,-0.0386,0.999,0,0.0116,0.9992,0.0388,0,-8.7315,-0.3102,105.1889,1]},
{"frame":81,"values":[0.9996,-0.0128,0.0261,0,-0.0265,-0.0381,0.9989,0,0.0118,0.9992,0.0384,0,-8.9769,-0.255,105.1944,1]},
{"frame":82,"values":[0.9995,-0.0134,0.0287,0,-0.0292,-0.0376,0.9989,0,0.0123,0.9992,0.038,0,-9.2219,-0.2084,105.1941,1]},
{"frame":83,"values":[0.9994,-0.0144,0.0314,0,-0.032,-0.0371,0.9988,0,0.0133,0.9992,0.0375,0,-9.466,-0.1691,105.1868,1]},
{"frame":84,"values":[0.9993,-0.016,0.0342,0,-0.0348,-0.0366,0.9987,0,0.0148,0.9992,0.0371,0,-9.7081,-0.1346,105.1677,1]},
{"frame":85,"values":[0.9992,-0.018,0.0369,0,-0.0375,-0.0363,0.9986,0,0.0166,0.9992,0.037,0,-9.9467,-0.1026,105.1324,1]},
{"frame":86,"values":[0.999,-0.0202,0.0393,0,-0.0401,-0.0362,0.9985,0,0.0188,0.9991,0.037,0,-10.1805,-0.0717,105.0817,1]},
{"frame":87,"values":[0.9989,-0.0225,0.0414,0,-0.0422,-0.0363,0.9984,0,0.021,0.9991,0.0372,0,-10.408,-0.0418,105.0224,1]},
{"frame":88,"values":[0.9988,-0.0249,0.043,0,-0.0439,-0.0365,0.9984,0,0.0232,0.999,0.0376,0,-10.6276,-0.0143,104.9624,1]},
{"frame":89,"values":[0.9987,-0.0273,0.044,0,-0.045,-0.0368,0.9983,0,0.0256,0.999,0.038,0,-10.8385,0.0088,104.9057,1]},
{"frame":90,"values":[0.9986,-0.0296,0.0445,0,-0.0455,-0.0371,0.9983,0,0.0279,0.9989,0.0384,0,-11.0406,0.0255,104.8492,1]},
{"frame":91,"values":[0.9985,-0.0319,0.0444,0,-0.0456,-0.0372,0.9983,0,0.0302,0.9988,0.0386,0,-11.2341,0.0339,104.7851,1]},
{"frame":92,"values":[0.9985,-0.0339,0.0439,0,-0.0452,-0.0372,0.9983,0,0.0322,0.9987,0.0386,0,-11.4196,0.0332,104.7047,1]},
{"frame":93,"values":[0.9984,-0.0355,0.0433,0,-0.0446,-0.0369,0.9983,0,0.0338,0.9987,0.0385,0,-11.5981,0.0236,104.6021,1]},
{"frame":94,"values":[0.9984,-0.0365,0.0426,0,-0.0439,-0.0366,0.9984,0,0.0349,0.9987,0.0382,0,-11.7701,0.0055,104.4762,1]},
{"frame":95,"values":[0.9984,-0.037,0.0418,0,-0.0432,-0.0364,0.9984,0,0.0354,0.9987,0.0379,0,-11.9359,-0.0197,104.3322,1]},
{"frame":96,"values":[0.9985,-0.0371,0.0411,0,-0.0424,-0.0363,0.9984,0,0.0356,0.9987,0.0378,0,-12.0955,-0.0499,104.1793,1]},
{"frame":97,"values":[0.9985,-0.037,0.0402,0,-0.0416,-0.0363,0.9985,0,0.0355,0.9987,0.0378,0,-12.2486,-0.0816,104.0259,1]},
{"frame":98,"values":[0.9986,-0.0368,0.0392,0,-0.0406,-0.0366,0.9985,0,0.0353,0.9987,0.0381,0,-12.3939,-0.1111,103.8744,1]},
{"frame":99,"values":[0.9986,-0.0368,0.0382,0,-0.0396,-0.0371,0.9985,0,0.0353,0.9986,0.0385,0,-12.5304,-0.136,103.7198,1]},
{"frame":100,"values":[0.9986,-0.037,0.0371,0,-0.0385,-0.0377,0.9985,0,0.0355,0.9986,0.0391,0,-12.6606,-0.1564,103.5547,1]},
{"frame":101,"values":[0.9986,-0.0374,0.0362,0,-0.0376,-0.0385,0.9986,0,0.036,0.9986,0.0398,0,-12.7895,-0.1751,103.3753,1]},
{"frame":102,"values":[0.9987,-0.038,0.0354,0,-0.0369,-0.0392,0.9986,0,0.0366,0.9985,0.0405,0,-12.9124,-0.1955,103.1891,1]},
{"frame":103,"values":[0.9986,-0.0388,0.0347,0,-0.0362,-0.0399,0.9985,0,0.0374,0.9984,0.0413,0,-13.0069,-0.2194,103.0129,1]},
{"frame":104,"values":[0.9986,-0.0396,0.034,0,-0.0357,-0.0407,0.9985,0,0.0382,0.9984,0.042,0,-13.0486,-0.2463,102.8669,1]},
{"frame":105,"values":[0.9986,-0.0404,0.0334,0,-0.0351,-0.0414,0.9985,0,0.0389,0.9983,0.0428,0,-13.0385,-0.2741,102.7687,1]},
{"frame":106,"values":[0.9986,-0.041,0.0328,0,-0.0345,-0.0422,0.9985,0,0.0395,0.9983,0.0435,0,-12.9956,-0.3001,102.7282,1]},
{"frame":107,"values":[0.9986,-0.0413,0.0321,0,-0.0338,-0.0429,0.9985,0,0.0399,0.9982,0.0442,0,-12.9321,-0.3227,102.7462,1]},
{"frame":108,"values":[0.9987,-0.0413,0.0313,0,-0.0331,-0.0435,0.9985,0,0.0399,0.9982,0.0448,0,-12.8477,-0.3418,102.8126,1]},
{"frame":109,"values":[0.9987,-0.0411,0.0304,0,-0.0322,-0.0439,0.9985,0,0.0397,0.9982,0.0452,0,-12.7401,-0.358,102.9071,1]},
{"frame":110,"values":[0.9987,-0.0406,0.0294,0,-0.0312,-0.0441,0.9985,0,0.0392,0.9982,0.0453,0,-12.6099,-0.3728,103.0042,1]},
{"frame":111,"values":[0.9988,-0.04,0.0283,0,-0.0301,-0.044,0.9986,0,0.0387,0.9982,0.0451,0,-12.4591,-0.3879,103.0856,1]},
{"frame":112,"values":[0.9989,-0.0394,0.0271,0,-0.0288,-0.0433,0.9986,0,0.0382,0.9983,0.0444,0,-12.2897,-0.4058,103.1506,1]},
{"frame":113,"values":[0.9989,-0.0387,0.0259,0,-0.0276,-0.0422,0.9987,0,0.0375,0.9984,0.0432,0,-12.1038,-0.4291,103.2148,1]},
{"frame":114,"values":[0.999,-0.0379,0.0249,0,-0.0264,-0.0403,0.9988,0,0.0368,0.9985,0.0413,0,-11.9036,-0.4608,103.2996,1]},
{"frame":115,"values":[0.999,-0.0369,0.0241,0,-0.0255,-0.0378,0.999,0,0.036,0.9986,0.0387,0,-11.6914,-0.5022,103.4181,1]},
{"frame":116,"values":[0.9991,-0.0359,0.0235,0,-0.0248,-0.0349,0.9991,0,0.0351,0.9987,0.0358,0,-11.4683,-0.5519,103.5679,1]},
{"frame":117,"values":[0.9991,-0.0348,0.0231,0,-0.0242,-0.0319,0.9992,0,0.0341,0.9989,0.0327,0,-11.235,-0.6056,103.7335,1]},
{"frame":118,"values":[0.9992,-0.0335,0.0227,0,-0.0237,-0.0291,0.9993,0,0.0328,0.999,0.0299,0,-10.9915,-0.658,103.8967,1]},
{"frame":119,"values":[0.9992,-0.0318,0.0222,0,-0.0231,-0.0267,0.9994,0,0.0312,0.9991,0.0275,0,-10.7386,-0.7054,104.0247,1]},
{"frame":120,"values":[0.9993,-0.0297,0.0216,0,-0.0223,-0.0248,0.9994,0,0.0291,0.9993,0.0254,0,-10.4771,-0.7472,104.1312,1]},
{"frame":121,"values":[0.9994,-0.0272,0.0209,0,-0.0215,-0.0231,0.9995,0,0.0267,0.9994,0.0237,0,-10.2083,-0.7846,104.2217,1]},
{"frame":122,"values":[0.9995,-0.0247,0.0201,0,-0.0207,-0.0215,0.9996,0,0.0242,0.9995,0.022,0,-9.9344,-0.8192,104.2999,1]},
{"frame":123,"values":[0.9996,-0.0223,0.0194,0,-0.0199,-0.02,0.9996,0,0.0219,0.9996,0.0205,0,-9.6573,-0.852,104.369,1]},
{"frame":124,"values":[0.9996,-0.0205,0.0187,0,-0.0191,-0.0186,0.9996,0,0.0201,0.9996,0.019,0,-9.3785,-0.8828,104.4324,1]},
{"frame":125,"values":[0.9997,-0.0193,0.0179,0,-0.0183,-0.0173,0.9997,0,0.019,0.9997,0.0177,0,-9.0994,-0.9112,104.4958,1]},
{"frame":126,"values":[0.9997,-0.0189,0.0171,0,-0.0174,-0.0161,0.9997,0,0.0186,0.9997,0.0164,0,-8.8211,-0.9376,104.568,1]},
{"frame":127,"values":[0.9997,-0.019,0.0162,0,-0.0165,-0.0147,0.9998,0,0.0188,0.9997,0.015,0,-8.5449,-0.9634,104.6593,1]},
{"frame":128,"values":[0.9997,-0.0195,0.0153,0,-0.0155,-0.0129,0.9998,0,0.0193,0.9997,0.0132,0,-8.2711,-0.9897,104.7753,1]},
{"frame":129,"values":[0.9997,-0.02,0.0141,0,-0.0143,-0.0109,0.9998,0,0.0199,0.9997,0.0111,0,-7.999,-1.015,104.9134,1]},
{"frame":130,"values":[0.9997,-0.0205,0.0127,0,-0.0129,-0.0087,0.9999,0,0.0204,0.9998,0.0089,0,-7.7268,-1.035,105.0613,1]},
{"frame":131,"values":[0.9997,-0.021,0.0111,0,-0.0112,-0.0066,0.9999,0,0.0209,0.9998,0.0068,0,-7.4538,-1.0445,105.2012,1]},
{"frame":132,"values":[0.9997,-0.0215,0.0094,0,-0.0095,-0.0049,0.9999,0,0.0214,0.9998,0.0051,0,-7.1809,-1.0391,105.3142,1]},
{"frame":133,"values":[0.9997,-0.0223,0.0079,0,-0.008,-0.0036,1,0,0.0223,0.9997,0.0037,0,-6.9097,-1.0172,105.3883,1]},
{"frame":134,"values":[0.9997,-0.0233,0.0067,0,-0.0068,-0.0024,1,0,0.0233,0.9997,0.0026,0,-6.6405,-0.9807,105.424,1]},
{"frame":135,"values":[0.9997,-0.0242,0.0059,0,-0.0059,-0.0013,1,0,0.0242,0.9997,0.0014,0,-6.3715,-0.933,105.4345,1]},
{"frame":136,"values":[0.9997,-0.0247,0.0049,0,-0.0049,-0.0001,1,0,0.0247,0.9997,0.0002,0,-6.0991,-0.8779,105.4382,1]},
{"frame":137,"values":[0.9997,-0.0246,0.0035,0,-0.0035,0.0009,1,0,0.0246,0.9997,-0.0008,0,-5.8196,-0.8178,105.4521,1]},
{"frame":138,"values":[0.9997,-0.024,0.0016,0,-0.0016,0.0015,1,0,0.0241,0.9997,-0.0015,0,-5.5313,-0.7548,105.4882,1]},
{"frame":139,"values":[0.9997,-0.0231,-0.0007,0,0.0007,0.0016,1,0,0.0231,0.9997,-0.0016,0,-5.2342,-0.6915,105.5525,1]},
{"frame":140,"values":[0.9998,-0.022,-0.0031,0,0.0032,0.0012,1,0,0.022,0.9998,-0.0012,0,-4.9295,-0.6311,105.642,1]},
{"frame":141,"values":[0.9998,-0.0209,-0.0055,0,0.0055,0.0003,1,0,0.0209,0.9998,-0.0004,0,-4.6185,-0.5767,105.7441,1]},
{"frame":142,"values":[0.9998,-0.0197,-0.0076,0,0.0076,-0.0007,1,0,0.0197,0.9998,0.0006,0,-4.3016,-0.5308,105.8418,1]},
{"frame":143,"values":[0.9998,-0.0184,-0.0096,0,0.0096,-0.0018,1,0,0.0184,0.9998,0.0016,0,-3.9773,-0.4945,105.9234,1]},
{"frame":144,"values":[0.9998,-0.0168,-0.0117,0,0.0116,-0.0027,0.9999,0,0.0168,0.9999,0.0025,0,-3.6435,-0.4687,105.9879,1]},
{"frame":145,"values":[0.9998,-0.0149,-0.0138,0,0.0138,-0.0035,0.9999,0,0.0149,0.9999,0.0033,0,-3.2983,-0.4538,106.0435,1]},
{"frame":146,"values":[0.9998,-0.0127,-0.0162,0,0.0162,-0.0041,0.9999,0,0.0127,0.9999,0.0039,0,-2.9405,-0.4501,106.0976,1]},
{"frame":147,"values":[0.9998,-0.01,-0.0187,0,0.0187,-0.0045,0.9998,0,0.0101,0.9999,0.0043,0,-2.5697,-0.4574,106.1512,1]},
{"frame":148,"values":[0.9997,-0.0069,-0.0213,0,0.0213,-0.005,0.9998,0,0.007,1,0.0048,0,-2.1855,-0.476,106.1983,1]},
{"frame":149,"values":[0.9997,-0.0034,-0.0238,0,0.0238,-0.0056,0.9997,0,0.0035,1,0.0055,0,-1.7881,-0.5071,106.2302,1]},
{"frame":150,"values":[0.9997,0.0006,-0.026,0,0.026,-0.0064,0.9996,0,-0.0005,1,0.0064,0,-1.3784,-0.552,106.2393,1]},
{"frame":151,"values":[0.9996,0.0049,-0.0279,0,0.028,-0.0076,0.9996,0,-0.0047,1,0.0077,0,-0.9574,-0.6102,106.2241,1]},
{"frame":152,"values":[0.9995,0.0092,-0.0296,0,0.0296,-0.0091,0.9995,0,-0.009,0.9999,0.0093,0,-0.5269,-0.6795,106.1862,1]},
{"frame":153,"values":[0.9994,0.0135,-0.031,0,0.0312,-0.0107,0.9995,0,-0.0132,0.9999,0.0111,0,-0.089,-0.7567,106.1284,1]},
{"frame":154,"values":[0.9993,0.0176,-0.0324,0,0.0326,-0.0125,0.9994,0,-0.0172,0.9998,0.0131,0,0.3541,-0.8394,106.0539,1]},
{"frame":155,"values":[0.9992,0.0214,-0.0338,0,0.0341,-0.0142,0.9993,0,-0.021,0.9997,0.0149,0,0.8002,-0.9275,105.9657,1]},
{"frame":156,"values":[0.9991,0.0251,-0.0351,0,0.0355,-0.0157,0.9992,0,-0.0246,0.9996,0.0166,0,1.247,-1.0226,105.8682,1]},
{"frame":157,"values":[0.9989,0.0288,-0.0365,0,0.037,-0.0169,0.9992,0,-0.0281,0.9994,0.0179,0,1.6926,-1.1257,105.7663,1]},
{"frame":158,"values":[0.9987,0.0325,-0.038,0,0.0386,-0.0178,0.9991,0,-0.0318,0.9993,0.0191,0,2.1353,-1.2362,105.6642,1]},
{"frame":159,"values":[0.9986,0.0362,-0.0398,0,0.0405,-0.0186,0.999,0,-0.0354,0.9992,0.0201,0,2.5733,-1.3513,105.5629,1]},
{"frame":160,"values":[0.9983,0.0399,-0.0418,0,0.0426,-0.0194,0.9989,0,-0.0391,0.999,0.0211,0,3.0037,-1.468,105.458,1]},
{"frame":161,"values":[0.9981,0.0435,-0.0439,0,0.0449,-0.0203,0.9988,0,-0.0425,0.9988,0.0222,0,3.4226,-1.5839,105.3411,1]},
{"frame":162,"values":[0.9978,0.0468,-0.0462,0,0.0472,-0.0214,0.9987,0,-0.0457,0.9987,0.0235,0,3.826,-1.6974,105.2016,1]},
{"frame":163,"values":[0.9976,0.0499,-0.0483,0,0.0495,-0.0227,0.9985,0,-0.0488,0.9985,0.0251,0,4.21,-1.8074,105.0316,1]},
{"frame":164,"values":[0.9973,0.0532,-0.0503,0,0.0517,-0.0241,0.9984,0,-0.0519,0.9983,0.0268,0,4.5714,-1.9122,104.832,1]},
{"frame":165,"values":[0.997,0.0569,-0.0521,0,0.0537,-0.0257,0.9982,0,-0.0554,0.9981,0.0286,0,4.9078,-2.011,104.6166,1]},
{"frame":166,"values":[0.9967,0.0609,-0.0536,0,0.0554,-0.0273,0.9981,0,-0.0593,0.9978,0.0306,0,5.2171,-2.1031,104.4029,1]},
{"frame":167,"values":[0.9964,0.0651,-0.0547,0,0.0567,-0.0289,0.998,0,-0.0633,0.9975,0.0325,0,5.4956,-2.1875,104.1916,1]},
{"frame":168,"values":[0.9961,0.0691,-0.0556,0,0.0578,-0.0304,0.9979,0,-0.0672,0.9971,0.0342,0,5.7441,-2.2622,104.0292,1]},
{"frame":169,"values":[0.9958,0.0725,-0.0563,0,0.0587,-0.0317,0.9978,0,-0.0706,0.9969,0.0359,0,5.9591,-2.3244,103.9077,1]},
{"frame":170,"values":[0.9956,0.0751,-0.0567,0,0.0593,-0.0329,0.9977,0,-0.0731,0.9966,0.0372,0,6.1366,-2.3711,103.8083,1]},
{"frame":171,"values":[0.9954,0.0769,-0.0567,0,0.0594,-0.0338,0.9977,0,-0.0748,0.9965,0.0382,0,6.2726,-2.4012,103.716,1]},
{"frame":172,"values":[0.9954,0.0778,-0.0563,0,0.0591,-0.0343,0.9977,0,-0.0757,0.9964,0.0388,0,6.3636,-2.416,103.6281,1]},
{"frame":173,"values":[0.9954,0.0782,-0.0556,0,0.0584,-0.0344,0.9977,0,-0.0761,0.9963,0.0388,0,6.4066,-2.4189,103.5531,1]},
{"frame":174,"values":[0.9954,0.0781,-0.0546,0,0.0574,-0.0341,0.9978,0,-0.0761,0.9964,0.0385,0,6.4002,-2.4141,103.5047,1]},
{"frame":175,"values":[0.9955,0.0778,-0.0534,0,0.0562,-0.0335,0.9979,0,-0.0758,0.9964,0.0377,0,6.3449,-2.4051,103.4938,1]},
{"frame":176,"values":[0.9957,0.0772,-0.0521,0,0.0548,-0.0327,0.998,0,-0.0753,0.9965,0.0368,0,6.2436,-2.3935,103.5261,1]},
{"frame":177,"values":[0.9958,0.0762,-0.0507,0,0.0533,-0.0319,0.9981,0,-0.0744,0.9966,0.0359,0,6.099,-2.3796,103.5998,1]},
{"frame":178,"values":[0.996,0.0748,-0.0491,0,0.0515,-0.0312,0.9982,0,-0.0731,0.9967,0.0349,0,5.9136,-2.3627,103.7085,1]},
{"frame":179,"values":[0.9962,0.073,-0.0473,0,0.0496,-0.0305,0.9983,0,-0.0714,0.9969,0.034,0,5.6891,-2.3417,103.8433,1]},
{"frame":180,"values":[0.9965,0.0708,-0.0452,0,0.0474,-0.0298,0.9984,0,-0.0694,0.997,0.0331,0,5.4276,-2.3157,103.9947,1]},
{"frame":181,"values":[0.9967,0.0684,-0.043,0,0.0451,-0.0291,0.9986,0,-0.0671,0.9972,0.0321,0,5.1321,-2.2849,104.152,1]},
{"frame":182,"values":[0.997,0.0659,-0.0408,0,0.0427,-0.0282,0.9987,0,-0.0647,0.9974,0.0309,0,4.806,-2.2498,104.303,1]},
{"frame":183,"values":[0.9972,0.0636,-0.0387,0,0.0405,-0.0272,0.9988,0,-0.0625,0.9976,0.0297,0,4.4526,-2.211,104.4367,1]},
{"frame":184,"values":[0.9974,0.0616,-0.0368,0,0.0384,-0.0261,0.9989,0,-0.0606,0.9978,0.0284,0,4.0745,-2.1683,104.5451,1]},
{"frame":185,"values":[0.9976,0.0602,-0.0349,0,0.0364,-0.025,0.999,0,-0.0593,0.9979,0.0272,0,3.674,-2.1201,104.626,1]},
{"frame":186,"values":[0.9977,0.0594,-0.033,0,0.0344,-0.024,0.9991,0,-0.0585,0.9979,0.026,0,3.2538,-2.0649,104.6843,1]},
{"frame":187,"values":[0.9978,0.0589,-0.0311,0,0.0325,-0.023,0.9992,0,-0.0582,0.998,0.0249,0,2.8171,-2.0025,104.7332,1]},
{"frame":188,"values":[0.9978,0.0587,-0.0292,0,0.0305,-0.0222,0.9993,0,-0.058,0.998,0.0239,0,2.3673,-1.9339,104.7892,1]},
{"frame":189,"values":[0.9979,0.0584,-0.0273,0,0.0286,-0.0215,0.9994,0,-0.0578,0.9981,0.0231,0,1.9071,-1.8618,104.8642,1]},
{"frame":190,"values":[0.998,0.0578,-0.0253,0,0.0265,-0.021,0.9994,0,-0.0572,0.9981,0.0225,0,1.4386,-1.789,104.958,1]},
{"frame":191,"values":[0.9981,0.0568,-0.0231,0,0.0243,-0.0207,0.9995,0,-0.0563,0.9982,0.0221,0,0.9632,-1.718,105.0568,1]},
{"frame":192,"values":[0.9982,0.0555,-0.0207,0,0.0218,-0.0208,0.9995,0,-0.055,0.9982,0.022,0,0.4826,-1.65,105.1396,1]},
{"frame":193,"values":[0.9984,0.054,-0.0181,0,0.0192,-0.0211,0.9996,0,-0.0536,0.9983,0.0221,0,-0.0006,-1.5844,105.19,1]},
{"frame":194,"values":[0.9985,0.0526,-0.0154,0,0.0165,-0.0215,0.9996,0,-0.0523,0.9984,0.0224,0,-0.4828,-1.5197,105.2046,1]},
{"frame":195,"values":[0.9986,0.0513,-0.0127,0,0.0138,-0.022,0.9997,0,-0.051,0.9984,0.0226,0,-0.9604,-1.4538,105.1917,1]},
{"frame":196,"values":[0.9987,0.0501,-0.0099,0,0.011,-0.0222,0.9997,0,-0.0499,0.9985,0.0227,0,-1.4302,-1.3849,105.1664,1]},
{"frame":197,"values":[0.9988,0.0489,-0.0071,0,0.0082,-0.0222,0.9997,0,-0.0488,0.9986,0.0226,0,-1.8896,-1.3116,105.1445,1]},
{"frame":198,"values":[0.9989,0.0476,-0.0044,0,0.0054,-0.0221,0.9997,0,-0.0475,0.9986,0.0223,0,-2.3355,-1.2339,105.1362,1]},
{"frame":199,"values":[0.9989,0.0461,-0.0016,0,0.0026,-0.0218,0.9998,0,-0.0461,0.9987,0.0219,0,-2.764,-1.1535,105.1421,1]},
{"frame":200,"values":[0.999,0.0444,0.001,0,-0.0001,-0.0216,0.9998,0,-0.0444,0.9988,0.0215,0,-3.172,-1.074,105.1557,1]},
{"frame":201,"values":[0.9991,0.0424,0.0037,0,-0.0028,-0.0213,0.9998,0,-0.0425,0.9989,0.0211,0,-3.5591,-1.0004,105.1707,1]},
{"frame":202,"values":[0.9992,0.0402,0.0064,0,-0.0056,-0.0209,0.9998,0,-0.0403,0.999,0.0206,0,-3.929,-0.937,105.1873,1]},
{"frame":203,"values":[0.9992,0.0379,0.0091,0,-0.0084,-0.0204,0.9998,0,-0.0381,0.9991,0.0201,0,-4.287,-0.8867,105.2132,1]},
{"frame":204,"values":[0.9993,0.0356,0.0118,0,-0.0111,-0.0198,0.9997,0,-0.0359,0.9992,0.0194,0,-4.6361,-0.8498,105.258,1]},
{"frame":205,"values":[0.9993,0.0335,0.0142,0,-0.0136,-0.0193,0.9997,0,-0.0338,0.9993,0.0188,0,-4.9755,-0.8246,105.3249,1]},
{"frame":206,"values":[0.9994,0.0318,0.0161,0,-0.0155,-0.019,0.9997,0,-0.032,0.9993,0.0185,0,-5.303,-0.8081,105.405,1]},
{"frame":207,"values":[0.9994,0.0304,0.0175,0,-0.0169,-0.019,0.9997,0,-0.0307,0.9994,0.0185,0,-5.6179,-0.7973,105.4806,1]},
{"frame":208,"values":[0.9994,0.0293,0.0185,0,-0.0179,-0.0192,0.9997,0,-0.0297,0.9994,0.0187,0,-5.9218,-0.7902,105.5341,1]},
{"frame":209,"values":[0.9994,0.0286,0.0193,0,-0.0188,-0.0195,0.9996,0,-0.029,0.9994,0.0189,0,-6.2173,-0.7856,105.5588,1]},
{"frame":210,"values":[0.9994,0.028,0.0204,0,-0.0198,-0.0198,0.9996,0,-0.0284,0.9994,0.0192,0,-6.5063,-0.784,105.56,1]},
{"frame":211,"values":[0.9994,0.0275,0.0216,0,-0.0211,-0.0202,0.9996,0,-0.0279,0.9994,0.0196,0,-6.7893,-0.787,105.5472,1]},
{"frame":212,"values":[0.9994,0.0269,0.023,0,-0.0224,-0.0206,0.9995,0,-0.0274,0.9994,0.02,0,-7.0657,-0.7976,105.5295,1]},
{"frame":213,"values":[0.9994,0.0262,0.0243,0,-0.0237,-0.0212,0.9995,0,-0.0267,0.9994,0.0206,0,-7.3336,-0.8194,105.5111,1]},
{"frame":214,"values":[0.9994,0.0253,0.0253,0,-0.0247,-0.0218,0.9995,0,-0.0258,0.9994,0.0211,0,-7.5916,-0.8554,105.4896,1]},
{"frame":215,"values":[0.9994,0.0242,0.0258,0,-0.0253,-0.0223,0.9994,0,-0.0247,0.9995,0.0217,0,-7.8387,-0.9065,105.4575,1]},
{"frame":216,"values":[0.9994,0.0228,0.026,0,-0.0255,-0.0227,0.9994,0,-0.0233,0.9995,0.0221,0,-8.0751,-0.971,105.4068,1]},
{"frame":217,"values":[0.9994,0.0211,0.0258,0,-0.0254,-0.023,0.9994,0,-0.0216,0.9995,0.0225,0,-8.3019,-1.0453,105.3336,1]},
{"frame":218,"values":[0.9995,0.019,0.0256,0,-0.0252,-0.0234,0.9994,0,-0.0196,0.9995,0.0229,0,-8.5205,-1.1255,105.2408,1]},
{"frame":219,"values":[0.9995,0.0167,0.0254,0,-0.025,-0.0238,0.9994,0,-0.0173,0.9996,0.0234,0,-8.7318,-1.2085,105.1374,1]},
{"frame":220,"values":[0.9996,0.0141,0.0253,0,-0.0249,-0.0245,0.9994,0,-0.0147,0.9996,0.0241,0,-8.9362,-1.2925,105.0334,1]},
{"frame":221,"values":[0.9996,0.0112,0.0252,0,-0.0249,-0.0252,0.9994,0,-0.0118,0.9996,0.0249,0,-9.1335,-1.3761,104.9364,1]},
{"frame":222,"values":[0.9997,0.0081,0.025,0,-0.0247,-0.0259,0.9994,0,-0.0088,0.9996,0.0257,0,-9.3224,-1.458,104.8525,1]},
{"frame":223,"values":[0.9997,0.0048,0.0245,0,-0.0243,-0.0265,0.9994,0,-0.0055,0.9996,0.0264,0,-9.5018,-1.5364,104.7882,1]},
{"frame":224,"values":[0.9997,0.0011,0.0237,0,-0.0236,-0.0271,0.9994,0,-0.0017,0.9996,0.027,0,-9.6717,-1.6091,104.7461,1]},
{"frame":225,"values":[0.9997,-0.0033,0.0226,0,-0.0227,-0.0276,0.9994,0,0.0027,0.9996,0.0276,0,-9.8325,-1.6741,104.7174,1]},
{"frame":226,"values":[0.9997,-0.0083,0.0214,0,-0.0217,-0.0282,0.9994,0,0.0077,0.9996,0.0283,0,-9.9859,-1.73,104.6826,1]},
{"frame":227,"values":[0.9997,-0.0139,0.0204,0,-0.0208,-0.0289,0.9994,0,0.0133,0.9995,0.0292,0,-10.1333,-1.7765,104.6201,1]},
{"frame":228,"values":[0.9996,-0.0198,0.0197,0,-0.0203,-0.0298,0.9993,0,0.0192,0.9994,0.0302,0,-10.2758,-1.8146,104.5201,1]},
{"frame":229,"values":[0.9995,-0.0258,0.0193,0,-0.0201,-0.0309,0.9993,0,0.0252,0.9992,0.0314,0,-10.4136,-1.8466,104.391,1]},
{"frame":230,"values":[0.9993,-0.0314,0.0193,0,-0.0203,-0.032,0.9993,0,0.0308,0.999,0.0327,0,-10.5462,-1.8752,104.2544,1]},
{"frame":231,"values":[0.9991,-0.0367,0.0194,0,-0.0206,-0.0331,0.9992,0,0.036,0.9988,0.0338,0,-10.673,-1.9037,104.1304,1]},
{"frame":232,"values":[0.9989,-0.0416,0.0197,0,-0.0211,-0.0339,0.9992,0,0.0409,0.9986,0.0347,0,-10.7932,-1.935,104.0295,1]},
{"frame":233,"values":[0.9987,-0.0462,0.02,0,-0.0216,-0.0343,0.9992,0,0.0455,0.9983,0.0353,0,-10.9065,-1.9712,103.95,1]},
{"frame":234,"values":[0.9985,-0.0507,0.0204,0,-0.0222,-0.0345,0.9992,0,0.0499,0.9981,0.0356,0,-11.013,-2.0123,103.8838,1]},
{"frame":235,"values":[0.9983,-0.0548,0.021,0,-0.0229,-0.0345,0.9991,0,0.054,0.9979,0.0357,0,-11.1128,-2.0564,103.8241,1]},
{"frame":236,"values":[0.998,-0.0587,0.0216,0,-0.0237,-0.0344,0.9991,0,0.0579,0.9977,0.0358,0,-11.206,-2.1006,103.7686,1]},
{"frame":237,"values":[0.9978,-0.0621,0.0223,0,-0.0244,-0.0343,0.9991,0,0.0613,0.9975,0.0358,0,-11.2919,-2.1422,103.7184,1]},
{"frame":238,"values":[0.9976,-0.0651,0.0227,0,-0.025,-0.0342,0.9991,0,0.0643,0.9973,0.0357,0,-11.3691,-2.1789,103.6754,1]},
{"frame":239,"values":[0.9974,-0.0678,0.0229,0,-0.0252,-0.0339,0.9991,0,0.0669,0.9971,0.0355,0,-11.4364,-2.2096,103.642,1]},
{"frame":240,"values":[0.9973,-0.0703,0.0226,0,-0.025,-0.0336,0.9991,0,0.0694,0.997,0.0352,0,-11.4933,-2.2328,103.6207,1]},
{"frame":241,"values":[0.9971,-0.0727,0.0221,0,-0.0245,-0.0331,0.9992,0,0.072,0.9968,0.0348,0,-11.5411,-2.2462,103.615,1]},
{"frame":242,"values":[0.9969,-0.0753,0.0214,0,-0.0239,-0.0325,0.9992,0,0.0745,0.9966,0.0342,0,-11.5817,-2.2469,103.6278,1]},
{"frame":243,"values":[0.9967,-0.0779,0.0208,0,-0.0233,-0.0318,0.9992,0,0.0772,0.9965,0.0335,0,-11.6153,-2.2322,103.6606,1]},
{"frame":244,"values":[0.9966,-0.0804,0.0202,0,-0.0228,-0.0311,0.9993,0,0.0797,0.9963,0.0329,0,-11.6394,-2.2007,103.7098,1]},
{"frame":245,"values":[0.9964,-0.0827,0.0198,0,-0.0224,-0.0305,0.9993,0,0.0821,0.9961,0.0322,0,-11.6499,-2.1525,103.7682,1]},
{"frame":246,"values":[0.9962,-0.0849,0.0194,0,-0.022,-0.0298,0.9993,0,0.0843,0.9959,0.0316,0,-11.6435,-2.0886,103.8252,1]},
{"frame":247,"values":[0.996,-0.087,0.0188,0,-0.0215,-0.0293,0.9993,0,0.0864,0.9958,0.0311,0,-11.6196,-2.0097,103.8709,1]},
{"frame":248,"values":[0.9959,-0.0892,0.0182,0,-0.0209,-0.0289,0.9994,0,0.0886,0.9956,0.0306,0,-11.5791,-1.9159,103.8997,1]},
{"frame":249,"values":[0.9957,-0.0913,0.0176,0,-0.0203,-0.0286,0.9994,0,0.0907,0.9954,0.0303,0,-11.5236,-1.8061,103.9131,1]},
{"frame":250,"values":[0.9955,-0.0934,0.0171,0,-0.0198,-0.0284,0.9994,0,0.0928,0.9952,0.0302,0,-11.4547,-1.6801,103.9198,1]},
{"frame":251,"values":[0.9953,-0.0955,0.0169,0,-0.0197,-0.0283,0.9994,0,0.0949,0.995,0.0301,0,-11.3737,-1.5399,103.9338,1]},
{"frame":252,"values":[0.9951,-0.0976,0.017,0,-0.0198,-0.0282,0.9994,0,0.097,0.9948,0.03,0,-11.2814,-1.3893,103.9711,1]},
{"frame":253,"values":[0.9949,-0.0997,0.0173,0,-0.0202,-0.028,0.9994,0,0.0991,0.9946,0.0298,0,-11.1775,-1.2336,104.0421,1]},
{"frame":254,"values":[0.9947,-0.1017,0.0177,0,-0.0206,-0.0277,0.9994,0,0.1011,0.9944,0.0296,0,-11.0611,-1.0774,104.144,1]},
{"frame":255,"values":[0.9945,-0.1034,0.0179,0,-0.0208,-0.0272,0.9994,0,0.1029,0.9943,0.0292,0,-10.931,-0.9231,104.2587,1]},
{"frame":256,"values":[0.9944,-0.1046,0.0178,0,-0.0207,-0.0265,0.9994,0,0.1041,0.9942,0.0285,0,-10.7867,-0.7708,104.362,1]},
{"frame":257,"values":[0.9943,-0.1052,0.0175,0,-0.0203,-0.0257,0.9995,0,0.1046,0.9941,0.0277,0,-10.6282,-0.6189,104.4391,1]},
{"frame":258,"values":[0.9943,-0.1049,0.017,0,-0.0197,-0.0247,0.9995,0,0.1044,0.9942,0.0267,0,-10.4567,-0.4657,104.4958,1]},
{"frame":259,"values":[0.9944,-0.104,0.0165,0,-0.0191,-0.0238,0.9995,0,0.1036,0.9943,0.0256,0,-10.2741,-0.3102,104.5545,1]},
{"frame":260,"values":[0.9946,-0.1026,0.0161,0,-0.0185,-0.0229,0.9996,0,0.1022,0.9945,0.0247,0,-10.0823,-0.1524,104.637,1]},
{"frame":261,"values":[0.9948,-0.1009,0.0158,0,-0.0182,-0.0224,0.9996,0,0.1005,0.9946,0.0241,0,-9.8823,0.0069,104.7519,1]},
{"frame":262,"values":[0.9949,-0.0993,0.0157,0,-0.018,-0.0223,0.9996,0,0.0989,0.9948,0.024,0,-9.6746,0.1658,104.8925,1]},
{"frame":263,"values":[0.9951,-0.0979,0.0156,0,-0.0179,-0.0228,0.9996,0,0.0975,0.9949,0.0244,0,-9.4596,0.3212,105.0468,1]},
{"frame":264,"values":[0.9952,-0.0967,0.0156,0,-0.0179,-0.0235,0.9996,0,0.0963,0.995,0.0251,0,-9.2377,0.4697,105.205,1]},
{"frame":265,"values":[0.9953,-0.0956,0.0157,0,-0.0181,-0.0243,0.9995,0,0.0952,0.9951,0.0259,0,-9.0091,0.6089,105.3607,1]},
{"frame":266,"values":[0.9954,-0.0942,0.0159,0,-0.0183,-0.0248,0.9995,0,0.0938,0.9952,0.0264,0,-8.7733,0.7372,105.5056,1]},
{"frame":267,"values":[0.9956,-0.0921,0.0159,0,-0.0183,-0.0251,0.9995,0,0.0916,0.9954,0.0267,0,-8.5293,0.8539,105.628,1]},
{"frame":268,"values":[0.9959,-0.089,0.0157,0,-0.018,-0.0253,0.9995,0,0.0885,0.9957,0.0268,0,-8.2763,0.9582,105.7151,1]},
{"frame":269,"values":[0.9963,-0.0851,0.0151,0,-0.0173,-0.0255,0.9995,0,0.0846,0.9961,0.0269,0,-8.0151,1.0498,105.7601,1]},
{"frame":270,"values":[0.9966,-0.0807,0.0144,0,-0.0166,-0.0256,0.9995,0,0.0803,0.9964,0.0269,0,-7.7475,1.1285,105.7677,1]},
{"frame":271,"values":[0.997,-0.0763,0.0139,0,-0.0159,-0.0257,0.9995,0,0.0759,0.9968,0.0268,0,-7.4765,1.1958,105.754,1]},
{"frame":272,"values":[0.9973,-0.0722,0.0136,0,-0.0155,-0.0255,0.9996,0,0.0718,0.9971,0.0266,0,-7.2042,1.2536,105.7401,1]},
{"frame":273,"values":[0.9976,-0.0686,0.0138,0,-0.0156,-0.025,0.9996,0,0.0682,0.9973,0.026,0,-6.932,1.3045,105.7423,1]},
{"frame":274,"values":[0.9978,-0.0652,0.0143,0,-0.0159,-0.0244,0.9996,0,0.0648,0.9976,0.0254,0,-6.659,1.3508,105.7664,1]},
{"frame":275,"values":[0.998,-0.0619,0.0147,0,-0.0162,-0.0238,0.9996,0,0.0615,0.9978,0.0247,0,-6.3833,1.3938,105.809,1]},
{"frame":276,"values":[0.9982,-0.0584,0.0148,0,-0.0162,-0.0235,0.9996,0,0.058,0.998,0.0244,0,-6.1021,1.4337,105.8614,1]},
{"frame":277,"values":[0.9984,-0.0544,0.014,0,-0.0153,-0.0236,0.9996,0,0.0541,0.9982,0.0244,0,-5.8133,1.4685,105.9126,1]},
{"frame":278,"values":[0.9987,-0.0501,0.0124,0,-0.0137,-0.0242,0.9996,0,0.0498,0.9985,0.0248,0,-5.5167,1.4945,105.9518,1]},
{"frame":279,"values":[0.9989,-0.0455,0.0102,0,-0.0113,-0.0249,0.9996,0,0.0452,0.9987,0.0254,0,-5.2145,1.5075,105.9713,1]},
{"frame":280,"values":[0.9991,-0.0408,0.0076,0,-0.0087,-0.0254,0.9996,0,0.0406,0.9988,0.0257,0,-4.9103,1.5043,105.9684,1]},
{"frame":281,"values":[0.9993,-0.0362,0.0052,0,-0.0061,-0.0255,0.9997,0,0.0361,0.999,0.0257,0,-4.6078,1.4838,105.9463,1]},
{"frame":282,"values":[0.9995,-0.0318,0.0031,0,-0.0039,-0.0251,0.9997,0,0.0317,0.9992,0.0252,0,-4.3094,1.4468,105.9101,1]},
{"frame":283,"values":[0.9996,-0.0275,0.0014,0,-0.0021,-0.0244,0.9997,0,0.0275,0.9993,0.0245,0,-4.0157,1.395,105.864,1]},
{"frame":284,"values":[0.9997,-0.0234,0,0,-0.0005,-0.0236,0.9997,0,0.0234,0.9994,0.0236,0,-3.726,1.3306,105.8112,1]},
{"frame":285,"values":[0.9998,-0.0194,-0.0015,0,0.001,-0.023,0.9997,0,0.0194,0.9995,0.0229,0,-3.4393,1.2559,105.7579,1]},
{"frame":286,"values":[0.9999,-0.0156,-0.003,0,0.0026,-0.0225,0.9997,0,0.0157,0.9996,0.0225,0,-3.1551,1.173,105.7124,1]},
{"frame":287,"values":[0.9999,-0.0124,-0.0046,0,0.0043,-0.0223,0.9997,0,0.0125,0.9997,0.0223,0,-2.8736,1.0832,105.6803,1]},
{"frame":288,"values":[0.9999,-0.0099,-0.0062,0,0.006,-0.0223,0.9997,0,0.01,0.9997,0.0223,0,-2.5963,0.9868,105.6582,1]},
{"frame":289,"values":[0.9999,-0.0082,-0.0077,0,0.0075,-0.0224,0.9997,0,0.0084,0.9997,0.0224,0,-2.3252,0.8834,105.6348,1]},
{"frame":290,"values":[0.9999,-0.0073,-0.0089,0,0.0088,-0.0225,0.9997,0,0.0075,0.9997,0.0224,0,-2.0619,0.7728,105.6002,1]},
{"frame":291,"values":[0.9999,-0.0069,-0.0099,0,0.0098,-0.0224,0.9997,0,0.0071,0.9997,0.0223,0,-1.8064,0.6553,105.5556,1]},
{"frame":292,"values":[0.9999,-0.0065,-0.0108,0,0.0107,-0.0222,0.9997,0,0.0067,0.9997,0.0221,0,-1.5575,0.5321,105.5131,1]},
{"frame":293,"values":[0.9999,-0.0057,-0.0119,0,0.0117,-0.0221,0.9997,0,0.006,0.9997,0.022,0,-1.3136,0.4043,105.4842,1]},
{"frame":294,"values":[0.9999,-0.0044,-0.0131,0,0.013,-0.0224,0.9997,0,0.0047,0.9997,0.0223,0,-1.0742,0.2729,105.4687,1]},
{"frame":295,"values":[0.9999,-0.0027,-0.0145,0,0.0144,-0.0231,0.9996,0,0.003,0.9997,0.0231,0,-0.8403,0.1376,105.4539,1]},
{"frame":296,"values":[0.9999,-0.0007,-0.0161,0,0.016,-0.0242,0.9996,0,0.0011,0.9997,0.0242,0,-0.6134,-0.0024,105.4247,1]},
{"frame":297,"values":[0.9998,0.001,-0.0177,0,0.0178,-0.0254,0.9995,0,-0.0006,0.9997,0.0254,0,-0.395,-0.148,105.3725,1]},
{"frame":298,"values":[0.9998,0.0019,-0.0195,0,0.0195,-0.026,0.9995,0,-0.0014,0.9997,0.026,0,-0.1925,-0.2352,105.3182,1]},
{"frame":299,"values":[0.9998,0.0025,-0.0212,0,0.0213,-0.0264,0.9994,0,-0.0019,0.9996,0.0265,0,0.0049,-0.2997,105.2668,1]},
{"frame":311,"values":[0.9946,0.1008,0.0252,0,-0.0221,-0.0309,0.9993,0,-0.1015,0.9944,0.0285,0,-3.6054,-0.0429,104.9986,1]},
{"frame":312,"values":[0.9922,0.1219,0.025,0,-0.022,-0.0257,0.9994,0,-0.1225,0.9922,0.0228,0,-3.5688,-0.5357,105.406,1]},
{"frame":313,"values":[0.9902,0.1378,0.0228,0,-0.0204,-0.0192,0.9996,0,-0.1382,0.9903,0.0162,0,-3.5012,-0.8944,105.6537,1]},
{"frame":314,"values":[0.9889,0.1476,0.0192,0,-0.0176,-0.0125,0.9998,0,-0.1478,0.989,0.0097,0,-3.3771,-1.0582,105.6441,1]},
{"frame":315,"values":[0.9883,0.1517,0.0148,0,-0.014,-0.0065,0.9999,0,-0.1518,0.9884,0.0043,0,-3.1656,-1.0226,105.3146,1]},
{"frame":316,"values":[0.9881,0.1533,0.0094,0,-0.0094,-0.0011,1,0,-0.1533,0.9882,-0.0003,0,-2.823,-0.83,104.6965,1]},
{"frame":317,"values":[0.9878,0.1557,0.0069,0,-0.0077,0.0043,1,0,-0.1557,0.9878,-0.0054,0,-2.3699,-0.5696,103.9481,1]},
{"frame":318,"values":[0.9866,0.1631,0.0098,0,-0.0115,0.0095,0.9999,0,-0.163,0.9866,-0.0112,0,-1.8201,-0.3594,103.1713,1]},
{"frame":319,"values":[0.9842,0.1756,0.0214,0,-0.024,0.0125,0.9996,0,-0.1753,0.9844,-0.0165,0,-1.2222,-0.1085,102.4458,1]},
{"frame":320,"values":[0.9808,0.1901,0.0428,0,-0.0454,0.0096,0.9989,0,-0.1895,0.9817,-0.018,0,-0.5602,0.1644,101.757,1]},
